Initial state times:
	0: [1]
	1: [7, 25, 1, 3, 1, 1, 1, 2, 2, 1, 3, 1, 2, 1, 1, 1, 1]
	2: [1]
	3: [1]
	4: [1, 1, 1, 4, 1, 2, 2, 39, 1]
	5: [1]
	6: [1]
	7: [1]
	8: [2, 2, 1, 1, 1, 2, 1]
	9: [2, 1, 1, 1, 1, 3]
	10: [1]
	11: [42, 2, 22, 1, 1, 1, 40, 3]
Times of states:
	J2-0_1: []
	J2-0_2: [1]
	J2-0_3: [1, 1, 6, 1, 1, 2, 2, 1, 1, 1, 1]
	J2-0_4: []
	J2-0_5: [1]
	J2-0_6: [1, 1, 1, 1, 1, 2]
	J2-0_7: [1, 1, 1]
	J2-0_8: []
	J2-0_9: [1, 1]
	J2-0_10: [8, 2, 5, 8, 2, 2, 11, 8, 1, 8, 2, 11, 1, 8, 1, 9, 5, 8, 6, 8, 1, 14, 8, 8, 1, 8, 2, 10, 8, 2, 8, 1, 1, 9, 1, 5, 1, 8, 1, 8, 8, 2, 8, 1, 8, 1, 7, 1, 8, 2, 3, 8, 8, 5, 11, 8, 5, 8, 14, 2, 8, 1, 8, 2, 11, 8, 8, 8, 2, 8, 1, 17, 8, 1, 8, 1, 2, 17, 8, 1, 8, 1, 8, 1, 11, 2, 5, 8, 7, 10, 8, 1, 11, 10, 10, 9, 1, 8, 5, 1, 7, 1, 8, 2]
	J2-0_11: []
	J2-1_0: []
	J2-1_2: []
	J2-1_3: []
	J2-1_4: [3, 40, 1, 1, 1, 2, 2, 1, 2, 2]
	J2-1_5: []
	J2-1_6: []
	J2-1_7: []
	J2-1_8: [1, 1, 1, 1, 1, 1, 2, 1, 1]
	J2-1_9: [1]
	J2-1_10: []
	J2-1_11: [7, 1, 1, 1, 1, 1]
	J2-2_0: []
	J2-2_1: []
	J2-2_3: [1, 1, 1, 1, 1, 2, 2]
	J2-2_4: [1]
	J2-2_5: [1, 7, 11, 10, 6, 1, 9, 1, 11, 1, 6, 1, 6, 9, 7, 1, 7, 10, 6, 1, 5, 7, 8, 5, 1, 9, 6, 1, 9, 1, 1, 8, 2, 11, 5, 1, 9, 5, 12, 10]
	J2-2_6: [1, 1, 1, 2, 3]
	J2-2_7: [1, 1, 1, 1, 1]
	J2-2_8: [1, 1]
	J2-2_9: [1, 1, 1, 1, 1, 1, 3]
	J2-2_10: []
	J2-2_11: [1, 1, 2, 3, 1, 3, 1]
	J2-3_0: [1, 2, 1, 2, 2, 2, 1, 1, 1, 1, 2, 1, 1, 1, 1, 1, 1, 1]
	J2-3_1: []
	J2-3_2: [1, 1, 1, 3, 1, 1, 2, 2, 2, 1, 2, 3, 1, 2, 2]
	J2-3_4: []
	J2-3_5: [1, 10, 2, 10, 10, 8, 10, 2, 8, 9, 1, 10, 11, 1, 1, 13, 11, 10, 1, 8, 1, 1, 1, 8, 2]
	J2-3_6: [1, 1, 2, 1, 2, 2, 1, 1, 2, 1, 2, 2, 2, 1, 1, 1, 1, 2, 1, 1, 1, 1, 2, 1, 1, 1, 1, 1, 1, 1, 1, 1, 1, 1, 2, 1, 1, 2, 1, 1, 1, 1, 2, 2, 1, 2, 2, 2, 1, 1, 1, 1, 2, 1, 1, 1, 2, 1, 3, 1, 1, 1, 1, 1, 1, 1, 2, 2]
	J2-3_7: [1, 1, 1, 1, 1, 1, 1, 1, 1, 1, 1, 1, 1, 1, 1, 1, 1, 1, 1, 1, 1, 1, 1, 1, 1, 1, 1, 2, 1, 1, 1, 1, 1, 1, 1, 1, 1, 1, 2, 1, 1, 1, 1, 2, 1, 1, 1, 1, 1, 1, 1, 1, 1, 1, 1, 1, 1, 1, 1, 1]
	J2-3_8: []
	J2-3_9: [2, 1, 1]
	J2-3_10: [4, 2, 12, 1, 1, 4, 1, 1, 2, 3, 1, 1, 1, 2, 1, 1, 4, 1, 3, 1, 16, 1, 5, 9, 2, 5, 12, 1, 1, 5, 2, 1, 1, 1, 16, 1, 5, 1, 3, 5]
	J2-3_11: []
	J2-4_0: []
	J2-4_1: [1, 1, 1]
	J2-4_2: [1, 1, 1, 1]
	J2-4_3: []
	J2-4_5: []
	J2-4_6: []
	J2-4_7: [1]
	J2-4_8: [1, 1, 1, 2, 1, 1, 2, 1, 1, 1, 1, 1]
	J2-4_9: [2, 1]
	J2-4_10: [1]
	J2-4_11: [1, 6, 1, 2, 1, 1, 1, 27, 1, 3, 1, 2, 1, 1, 1, 1, 1, 6, 1, 1, 2, 2, 38, 1, 3, 2]
	J2-5_0: []
	J2-5_1: []
	J2-5_2: [2, 1, 2, 2, 2, 1, 2, 1, 2, 1, 2, 3, 1, 3, 2, 2, 3, 3, 1, 2, 1, 1, 2, 2, 1, 1, 1, 1, 2, 2, 1, 2, 1]
	J2-5_3: [1, 1, 8, 11, 4, 1, 10, 10, 12, 11, 12, 6, 2, 7, 1, 2, 2, 4, 9, 1, 11, 9, 1, 1, 9, 11, 6, 9]
	J2-5_4: []
	J2-5_6: [1, 1, 1, 2, 1, 2, 1, 3, 1, 1, 2]
	J2-5_7: [1, 1, 1]
	J2-5_8: []
	J2-5_9: [1, 2]
	J2-5_10: [1, 1, 1]
	J2-5_11: [2, 19, 1, 1, 1, 4, 1, 1, 2]
	J2-6_0: [1, 1, 1, 1, 2, 2, 1]
	J2-6_1: []
	J2-6_2: [3]
	J2-6_3: [3, 2, 3, 2, 2, 9, 1, 8, 3, 1, 3, 1, 9, 1, 11, 1, 2, 8, 1, 1, 1, 2, 3, 9, 1, 3, 9, 1, 2, 3, 2, 10, 1, 3, 2, 11, 1, 3, 1, 12, 5, 9, 1, 3, 9, 1, 3, 1, 2, 8, 9, 1, 9, 1, 3, 1, 9, 2, 9, 2, 8, 2, 9, 1, 8, 3, 3, 8, 1, 8, 1, 2, 1, 3, 10, 9, 1, 3, 3]
	J2-6_4: []
	J2-6_5: [1, 1, 1, 1, 1, 1]
	J2-6_7: [1, 1, 1]
	J2-6_8: []
	J2-6_9: [1]
	J2-6_10: [2]
	J2-6_11: []
	J2-7_0: [1, 1, 2]
	J2-7_1: []
	J2-7_2: [2, 2, 1, 1]
	J2-7_3: [9, 1, 3, 9, 1, 3, 5, 1, 1, 1, 9, 1, 3, 1, 9, 3, 1, 1, 1, 1, 5, 2, 9, 4, 1, 7, 1, 4, 5, 2, 1, 1, 9, 10, 1, 9, 1, 4, 1, 2, 1, 3, 1, 10, 1, 3, 1, 3, 2, 2, 3, 5, 6, 1, 2, 1, 12, 1, 1, 6, 2, 6]
	J2-7_4: []
	J2-7_5: [10]
	J2-7_6: [2, 1, 2, 1, 2, 2, 2]
	J2-7_8: []
	J2-7_9: [2, 1]
	J2-7_10: [1, 2, 3, 1, 3, 2, 2, 2, 13, 4, 13, 3, 11, 1, 11, 2, 2, 1, 1, 3, 2, 3, 1, 17, 4, 2, 2, 5, 4, 2, 2, 2, 1, 13, 1, 2, 1, 1, 3, 2, 1, 2, 1, 3]
	J2-7_11: []
	J2-8_0: []
	J2-8_1: [2, 3]
	J2-8_2: []
	J2-8_3: [1]
	J2-8_4: [1, 2, 40, 1, 1, 1, 1, 1, 1, 1, 1, 1]
	J2-8_5: [1, 1]
	J2-8_6: []
	J2-8_7: []
	J2-8_9: [2, 4, 1, 1, 1, 1, 1, 1, 1]
	J2-8_10: []
	J2-8_11: [1, 1, 1, 1, 4, 1, 2, 3, 1, 2, 3, 1]
	J2-9_0: [1]
	J2-9_1: [1]
	J2-9_2: [1, 1, 2, 1, 1, 1, 1, 1, 1, 1]
	J2-9_3: [2, 1, 1, 6, 1, 1, 1, 1, 1]
	J2-9_4: [2, 2]
	J2-9_5: [1, 1, 6, 1, 1]
	J2-9_6: [1, 1]
	J2-9_7: [1, 2, 1, 1, 1, 1, 1]
	J2-9_8: []
	J2-9_10: []
	J2-9_11: [42, 1, 1, 2]
	J2-10_0: [1, 1, 1, 1, 1, 1, 1, 1, 1, 1, 1, 1, 1, 1, 1, 1, 1, 1, 1, 1, 1, 1, 1, 1, 1, 1, 1, 1, 1, 1, 1, 1, 1, 1, 1, 1, 1, 1, 1, 1, 1, 1, 1, 1, 1, 1, 2, 2, 1, 1, 1, 1, 1, 1, 1, 1, 1, 1, 1, 2, 1, 1, 1, 1, 1, 1, 1, 1, 1, 1, 1, 1, 1, 1, 1, 1, 1, 1, 1, 1, 1, 1, 1, 1, 1, 1, 1, 1, 1, 1, 1, 1, 1, 1, 1, 1, 1, 1, 1, 1, 1]
	J2-10_1: []
	J2-10_2: []
	J2-10_3: [1, 1, 1, 6, 1, 5, 6, 1, 1, 4, 3, 7, 1, 2, 1, 2, 10, 10, 11, 1, 7, 2, 4, 1, 1, 5, 9, 8, 1, 6, 1, 10, 8, 4, 4, 11, 5, 1, 2]
	J2-10_4: [1]
	J2-10_5: []
	J2-10_6: [2, 1]
	J2-10_7: [1, 2, 1, 1, 1, 1, 1, 1, 1, 1, 1, 1, 1, 1, 1, 1, 2, 1, 1, 1, 2, 1, 1, 1, 1, 1, 1, 1, 2, 1, 1, 1, 1, 1, 1, 1, 1, 2, 1, 1, 1, 1, 1, 1, 2, 1, 1]
	J2-10_8: []
	J2-10_9: []
	J2-10_11: []
	J2-11_0: []
	J2-11_1: [1, 1, 1]
	J2-11_2: [1, 1, 1, 1, 1, 1, 1, 1, 1, 1, 1, 1, 2, 3]
	J2-11_3: [1, 1]
	J2-11_4: [1, 2, 2, 33, 38, 1, 1, 1, 1, 1, 1, 1, 23, 1, 24, 1, 1]
	J2-11_5: [8, 9, 6, 8, 1, 1, 6, 2, 6, 5, 6, 8, 10]
	J2-11_6: []
	J2-11_7: []
	J2-11_8: [1, 1, 1, 1, 1, 1, 1, 1, 1]
	J2-11_9: [2, 2, 4, 2, 1, 1, 2, 1, 1, 2, 1]
	J2-11_10: []
Average trace length: 25