Initial state times:
	0: [1, 1, 2]
	1: [9]
	2: [19, 1, 14, 1, 18, 15, 15]
	3: [15, 15, 1, 20, 19, 20, 1, 21, 1]
	4: [19]
	5: [3, 3]
Times of states:
	J2-0_1: []
	J2-0_2: [2, 20, 1, 20, 3, 7, 8, 1, 1]
	J2-0_3: [2, 22, 45, 2, 22, 21]
	J2-0_4: [2, 1, 8, 7, 1]
	J2-0_5: [8, 1]
	J2-1_0: []
	J2-1_2: []
	J2-1_3: [21, 20, 21, 21, 3, 21, 21, 1, 21, 19, 4, 2, 1, 2, 2, 21, 22, 20, 20, 20, 1, 21, 20, 21, 1, 21, 21, 1, 21, 1, 20, 1, 20, 20]
	J2-1_4: []
	J2-1_5: []
	J2-2_0: [1, 1, 1, 2, 2, 1, 2, 1, 1, 1, 1, 1]
	J2-2_1: []
	J2-2_3: [1, 22, 19, 1, 22, 20, 2, 1, 21, 20]
	J2-2_4: [1, 8, 1, 2, 1]
	J2-2_5: [2, 1, 1, 1, 11]
	J2-3_0: []
	J2-3_1: [1, 2, 77, 2, 1, 88, 80, 1, 20, 1, 78, 2, 44, 1, 1, 82, 1, 1, 2, 1, 65, 1, 1, 80, 1, 85, 2, 61, 1, 20, 1, 22, 1, 1, 83]
	J2-3_2: [2, 1, 1]
	J2-3_4: [21, 1, 1, 2, 1, 21, 1, 1, 6, 1, 20, 1, 1, 1, 20, 1, 20, 1, 19, 1, 20, 1, 1, 1]
	J2-3_5: []
	J2-4_0: [1, 2, 1, 1]
	J2-4_1: [1, 3, 1, 1]
	J2-4_2: [1, 1, 1, 5, 1, 1, 1, 1]
	J2-4_3: [20, 1, 1, 1, 1, 21, 5, 1, 21, 1, 2, 1, 1, 21, 1, 1, 1, 1, 1]
	J2-4_5: []
	J2-5_0: [2, 1, 1]
	J2-5_1: []
	J2-5_2: [1, 3, 4, 23, 4, 3]
	J2-5_3: []
	J2-5_4: []
Average trace length: 9