Initial state times:
	0: [8]
	1: [15, 14]
	2: [1]
	3: [1]
	4: [8, 1, 1]
	5: [1, 2]
	6: [16, 20, 19, 20, 19, 1, 17, 22, 19, 3, 19, 16]
	7: [1, 3, 1]
Times of states:
	J2-0_1: []
	J2-0_2: []
	J2-0_3: [21, 1, 1, 1, 21, 1, 2, 19, 21, 21, 1, 1, 21, 1, 19, 1, 1, 1, 1, 21, 21, 1, 2, 3, 1, 2, 1, 1, 2, 2, 2, 7, 21, 3, 1, 3, 19, 20, 1, 20, 1]
	J2-0_4: []
	J2-0_5: []
	J2-0_6: []
	J2-0_7: []
	J2-1_0: [2]
	J2-1_2: [1, 6]
	J2-1_3: [2]
	J2-1_4: [6, 1, 1, 18]
	J2-1_5: [1, 2, 1, 2, 1, 1, 1, 1, 1]
	J2-1_6: [1, 1, 1]
	J2-1_7: [1, 1, 9]
	J2-2_0: [1, 1]
	J2-2_1: [1, 1, 7]
	J2-2_3: [22, 1, 1, 1, 23]
	J2-2_4: []
	J2-2_5: []
	J2-2_6: [1, 1, 1, 1, 2, 1, 1, 1, 1, 1, 1]
	J2-2_7: []
	J2-3_0: [20, 59, 21, 43, 57, 20, 63, 1, 85, 1, 18, 20, 60, 1, 16, 1, 61, 20, 67, 1, 2, 2, 3, 2, 1, 1, 42, 82, 21, 56, 1, 21, 1, 1]
	J2-3_1: []
	J2-3_2: [1]
	J2-3_4: []
	J2-3_5: []
	J2-3_6: [21, 20, 20, 19, 21, 19, 1, 20, 21, 1, 1, 20, 1, 1, 1, 20, 19, 20, 19]
	J2-3_7: []
	J2-4_0: []
	J2-4_1: [1, 2, 2, 3, 2, 1, 19]
	J2-4_2: []
	J2-4_3: [1, 1, 1]
	J2-4_5: [1, 2, 1]
	J2-4_6: [22, 19, 18]
	J2-4_7: [1, 2]
	J2-5_0: []
	J2-5_1: [1, 2, 7, 8, 1, 1]
	J2-5_2: [1, 1]
	J2-5_3: [2, 1, 1, 2]
	J2-5_4: [1, 1, 2, 1, 1]
	J2-5_6: [21, 1, 21]
	J2-5_7: [8, 1, 1, 1]
	J2-6_0: [2, 1, 1, 1, 21, 1, 1, 1]
	J2-6_1: [1, 1, 1]
	J2-6_2: [1, 1, 1, 1, 1, 1, 1, 6, 4, 1, 6, 1, 1, 1, 1, 1]
	J2-6_3: [1, 22, 2, 1, 1, 1, 23, 21, 1, 4, 1, 21, 22, 1, 23, 22]
	J2-6_4: [1, 1, 1, 2]
	J2-6_5: [1, 1, 1, 2, 1]
	J2-6_7: []
	J2-7_0: []
	J2-7_1: [23, 4]
	J2-7_2: []
	J2-7_3: [1]
	J2-7_4: [1, 1, 1]
	J2-7_5: [1, 1, 1, 1, 2]
	J2-7_6: [20]
Average trace length: 11