Initial state times:
	0: [1]
	1: [1, 1, 2, 1, 2, 2, 2, 1, 7, 1, 1, 2, 1, 2, 2]
	2: [9, 9, 1, 1]
	3: [1]
	4: [3, 4, 1, 4, 1, 4, 1, 1, 1, 1, 1, 44, 1, 2, 46, 28, 2, 3, 2, 43, 4, 8, 2, 1, 4, 3, 44, 3, 24]
Times of states:
	J2-0_1: []
	J2-0_2: [1, 10, 8, 1, 13, 2, 13, 11, 12, 1, 12, 9, 2, 1, 13, 7, 14, 13, 11, 1, 10, 13, 9, 1, 14, 11, 15, 11, 1, 13, 3, 1, 1, 1, 1, 10, 12, 1, 1, 10, 13, 1, 1, 11, 11, 12, 11, 1, 10, 1, 13, 10, 11, 11, 1, 10, 10, 13, 9]
	J2-0_3: [12, 13, 12, 25, 10, 11, 13, 6, 4, 24, 13, 13, 11, 24, 20, 5, 13, 23, 12, 2, 22, 13, 23, 11, 14, 13, 12, 1, 25, 13, 1, 1, 12, 13, 14, 12, 14, 11, 11, 25, 12, 13, 1, 23, 1, 21, 1, 12, 14, 12, 22, 1, 11, 1, 13, 22, 11, 13, 12, 22, 2, 11, 23, 1, 24, 12, 24, 10, 13, 25, 1, 22, 13, 23, 1, 13, 14, 24, 2, 13, 12, 24, 1, 24, 13, 11, 1]
	J2-0_4: [1, 1]
	J2-1_0: []
	J2-1_2: [2]
	J2-1_3: []
	J2-1_4: [1, 1, 1, 26, 3, 1, 2, 4, 3, 2, 40, 4, 3, 5, 26, 1, 5, 1, 3, 4, 3, 5, 5, 6, 1, 3]
	J2-2_0: [8, 3, 1, 12, 10, 7, 12, 11, 3, 14, 11, 9, 14, 1, 6, 1, 14, 13, 6, 6, 7, 12, 12, 1, 13, 14, 5, 13, 14, 13, 7, 12, 6, 13, 11, 3, 1, 6, 4, 7, 13, 14, 9, 9, 7, 1, 13, 2, 1, 16, 3, 13, 13, 12, 13, 11, 13, 1, 2, 13, 3, 13, 5, 2, 13, 1, 13]
	J2-2_1: []
	J2-2_3: [1, 1, 1, 1, 1]
	J2-2_4: [27, 1, 2, 1, 1, 1, 1, 1, 1, 1, 1, 3, 1, 1, 38, 1, 1, 1, 1, 20, 1, 2, 7, 1]
	J2-3_0: [9, 13, 6, 1, 12, 12, 7, 6, 12, 1, 8, 5, 7, 8, 1, 9, 3, 7, 1, 2, 7, 2, 11, 11, 7, 6, 1, 3, 5, 6, 11, 7, 9, 10, 12, 7, 8, 7, 7, 5, 1, 2, 1, 1, 5, 7, 5, 12, 6, 6, 1, 6, 13, 3, 11, 7, 10, 2, 5, 1, 5, 5, 9, 1, 8, 9, 8, 7, 2, 7, 7, 2, 3, 8, 10, 1, 6, 9, 7, 2, 7, 12, 7]
	J2-3_1: []
	J2-3_2: [2, 2, 1]
	J2-3_4: []
	J2-4_0: [10, 1, 7, 1, 8, 8, 2, 7, 1, 1, 3, 1, 9, 7, 7]
	J2-4_1: [1, 1, 1, 1, 1, 1, 1, 1, 2, 1, 1, 1]
	J2-4_2: [1, 1, 10, 2, 10, 2, 1, 9, 1, 1, 9, 1, 1, 10, 1, 2, 10, 2, 2, 1, 1, 8, 1, 1, 2, 1, 1, 2, 9, 1, 2, 1, 1, 1, 1, 2, 1, 1, 9, 9, 1, 1, 2, 1, 1, 3, 1, 1, 1]
	J2-4_3: []
Average trace length: 10