Initial state times:
	0: [15, 19, 1, 19, 3, 2, 5, 20, 4, 5, 15, 16, 18, 20]
	1: [1, 16, 29, 21, 6, 2, 2]
	2: [1]
	3: [1, 2, 2, 1, 2, 2]
Times of states:
	J2-0_1: [23, 63, 47, 86, 21]
	J2-0_2: [2, 1, 20, 1, 21, 1, 21, 1, 1, 1, 7, 2, 8, 2, 1, 1, 1, 2, 1, 9, 2, 8, 9, 20, 1, 1, 21, 1, 1, 1, 1, 1]
	J2-0_3: [80, 19, 2, 1, 2, 77, 1, 1, 51, 47, 2, 61, 1, 43, 46, 2, 42, 1, 78, 1, 2, 1, 91, 1, 65]
	J2-1_0: [1, 2, 1, 1, 1, 1, 1, 22]
	J2-1_2: [2, 1, 10, 9, 12, 1, 9, 10, 11, 9, 6, 8, 1, 2, 7, 7, 9, 2, 7, 11, 11, 1, 1, 1, 1, 1]
	J2-1_3: []
	J2-2_0: [2, 1, 21, 23, 20, 1, 20, 1, 1, 3, 1, 5, 1, 2, 5, 6, 4, 21, 1, 1, 21, 1, 1, 1]
	J2-2_1: [2, 11, 12, 23, 2, 10, 12, 25, 44, 49, 12, 12, 1, 45, 3, 11, 11, 27, 1, 11, 11, 1, 23, 20]
	J2-2_3: [1, 1, 3]
	J2-3_0: [21, 2, 20, 21, 20, 20, 20, 4, 6, 2, 21, 1, 1, 2, 5, 3, 7, 4, 1, 4, 3, 21, 21, 19, 4, 20, 21, 20, 20, 1]
	J2-3_1: []
	J2-3_2: []
Average trace length: 7