Initial state times:
	0: [1]
	1: [15, 15, 15]
	2: [1]
	3: [2, 22]
	4: [1, 8, 17, 8]
	5: [2, 1]
	6: [19, 19, 20, 16, 1, 19, 15]
	7: [1, 1, 1, 3]
Times of states:
	J2-0_1: []
	J2-0_2: []
	J2-0_3: [20, 1, 1, 2, 20, 1, 21, 1, 19, 2, 21, 1, 1, 20, 1, 19, 1, 1, 3, 20, 21, 21, 19, 1, 22, 1, 2, 20, 20, 1, 1, 21, 1, 2]
	J2-0_4: []
	J2-0_5: []
	J2-0_6: []
	J2-0_7: []
	J2-1_0: []
	J2-1_2: []
	J2-1_3: [1, 1]
	J2-1_4: [18, 6, 1, 3, 4, 5, 6, 5]
	J2-1_5: [1, 1, 1, 2, 1, 1]
	J2-1_6: [1]
	J2-1_7: []
	J2-2_0: [1]
	J2-2_1: [1]
	J2-2_3: [1, 2, 1, 1, 2, 1]
	J2-2_4: []
	J2-2_5: []
	J2-2_6: [1, 1, 1, 1, 22, 1, 1, 1]
	J2-2_7: []
	J2-3_0: [1, 15, 1, 1, 22, 20, 65, 1, 18, 1, 1, 60, 21, 56, 85, 80, 1, 20, 20, 63, 62, 1, 77, 20, 20, 67]
	J2-3_1: []
	J2-3_2: []
	J2-3_4: []
	J2-3_5: []
	J2-3_6: [19, 20, 19, 21, 21, 1, 1, 19, 19, 20, 19, 1, 1, 1, 22, 1, 20, 20, 20, 1, 20, 19, 21, 21]
	J2-3_7: []
	J2-4_0: []
	J2-4_1: [19, 1, 1, 2, 1, 1, 2, 1, 1, 1, 2]
	J2-4_2: []
	J2-4_3: [1, 1, 1]
	J2-4_5: [1, 1, 1]
	J2-4_6: [18, 21, 19]
	J2-4_7: [2, 2]
	J2-5_0: []
	J2-5_1: [1]
	J2-5_2: [1]
	J2-5_3: [1, 1, 2, 1, 2]
	J2-5_4: [1, 1, 1, 1]
	J2-5_6: [1, 21, 21, 1, 1, 21, 22]
	J2-5_7: [1, 1]
	J2-6_0: [2, 1, 1, 21, 1, 1, 1, 1, 2, 1]
	J2-6_1: [1]
	J2-6_2: [1, 1, 1, 1, 1, 1, 1, 1, 1, 1, 1, 1, 1, 1, 1]
	J2-6_3: [1, 21, 1, 1, 1, 22, 21, 22, 1, 1, 23, 1, 22, 22]
	J2-6_4: [1, 2, 1, 1]
	J2-6_5: [1, 1, 1, 1, 1]
	J2-6_7: []
	J2-7_0: []
	J2-7_1: []
	J2-7_2: []
	J2-7_3: [1]
	J2-7_4: [1, 1, 1]
	J2-7_5: [2, 1, 1, 2]
	J2-7_6: []
Average trace length: 10