Initial state times:
	0: [1, 1, 7, 2, 2, 25, 2, 1, 2, 7, 2]
	1: [1]
	2: [1, 1, 3, 1, 39, 2, 4, 2, 1, 3, 1, 1, 1, 2, 2, 23, 1, 2, 2, 3, 1]
	3: [1]
	4: [1, 1, 1, 2, 1, 3, 43, 3, 3, 1]
	5: [1]
	6: [1]
	7: [1]
	8: [1]
	9: [1, 1, 3]
Times of states:
	J2-0_1: []
	J2-0_2: [2, 2, 28, 2, 2, 4, 1, 39, 2, 3, 3, 6, 1, 1, 2, 1, 3, 1, 3]
	J2-0_3: []
	J2-0_4: [1, 1]
	J2-0_5: []
	J2-0_6: []
	J2-0_7: []
	J2-0_8: []
	J2-0_9: []
	J2-1_0: []
	J2-1_2: []
	J2-1_3: [1, 2, 1, 5, 6, 3, 5, 1, 23, 4, 1, 4, 1, 4, 16, 2, 2, 2, 3, 6, 1, 2, 6, 1, 2, 9, 6, 1, 1, 1, 1, 4, 1, 2, 12, 1, 2, 1, 5]
	J2-1_4: [1, 1, 2]
	J2-1_5: [13, 7, 1, 11, 12, 1, 1, 2, 1, 8, 11, 8, 10, 11, 8, 9, 11, 1, 10, 2, 9, 10, 10, 9, 1, 1, 8, 8]
	J2-1_6: [1, 1, 1, 1, 1, 1, 2, 1, 1, 1, 1, 2, 1, 1]
	J2-1_7: [1, 1, 1, 1, 1, 1, 1, 1, 1, 1, 1, 1, 1, 1, 1, 1, 1, 1, 1, 1, 1, 1, 1, 1, 1, 1, 1, 1, 1, 1, 1, 1, 1, 1, 1, 1, 1, 1, 1, 1, 1, 1, 1, 1, 1, 1, 1, 1, 1, 1, 1, 1, 1, 1, 1, 1, 1]
	J2-1_8: [1, 2, 1, 2, 2, 1, 3, 1, 1, 2, 1, 1, 1, 1, 1, 1, 1, 1, 1, 2, 2, 1, 1, 1, 1, 2, 1, 1, 1, 2, 1, 2, 2, 1, 1, 1, 2, 1, 2, 1, 2, 1, 1, 1, 1, 1, 1, 1, 1, 2, 2, 2, 1, 1, 2, 1, 1, 1, 2, 1, 2, 1, 1]
	J2-1_9: [2, 2, 3, 2, 1, 1, 3, 2, 2, 1, 2]
	J2-2_0: [1, 1, 1, 1, 1, 1, 2, 1]
	J2-2_1: []
	J2-2_3: [1]
	J2-2_4: [2, 1, 1, 3, 1, 2, 1, 1, 1, 1, 2, 2, 2, 1, 1, 2, 1, 1, 1, 1, 1, 1, 1, 1, 4, 4, 4, 2, 4, 2, 1, 2, 3, 1]
	J2-2_5: []
	J2-2_6: []
	J2-2_7: [1]
	J2-2_8: []
	J2-2_9: [3, 4, 3, 4, 4, 1, 4, 3, 1, 1, 4, 1, 1, 2, 1, 4, 1, 1, 2, 1, 2]
	J2-3_0: []
	J2-3_1: [11, 8, 4, 1, 4, 1, 1, 1, 5, 1, 11, 4, 6, 1, 2, 10, 5, 2, 4, 6, 8, 1, 1, 5, 2, 8, 4, 7, 5, 12, 7, 4, 1, 1, 1, 4, 1]
	J2-3_2: [1]
	J2-3_4: [1]
	J2-3_5: []
	J2-3_6: [1, 1, 1, 1, 1, 1, 1, 1, 1, 1, 1, 1, 1, 1, 1, 1, 1, 1, 1, 1, 1, 2, 1, 1, 1, 2, 1, 1, 1, 1, 1, 1, 1, 1, 1, 1, 1, 1, 1, 1, 1, 1, 1, 1, 1, 1, 1, 1, 1, 1, 1, 1, 1, 1, 1, 1, 1, 1, 1, 1, 1, 1, 1, 1, 1, 1, 1, 1, 2, 1, 1, 1, 2, 1, 1, 1, 1, 1, 1, 1, 1, 1, 1, 1, 1, 1, 1, 1, 1, 1, 1, 1, 1, 2, 1, 1, 1, 1, 1, 1, 1, 1, 1, 1, 1, 1]
	J2-3_7: [1, 1, 1, 1, 1, 1, 1, 1, 1, 1, 1, 1, 1, 1, 1, 1, 1, 1, 1, 1, 1, 1, 1, 1, 1, 1, 1, 1, 1, 1, 1, 2, 1, 1, 1, 1, 1, 1, 1, 1, 1, 1, 1]
	J2-3_8: [1, 2, 2]
	J2-3_9: []
	J2-4_0: [1, 1]
	J2-4_1: [4, 1, 1, 2, 1, 1, 1, 6, 1, 1]
	J2-4_2: [1, 42, 3, 1, 2, 1, 3, 2, 2, 1, 1, 1, 3, 1, 1, 2, 1, 2, 1]
	J2-4_3: [1]
	J2-4_5: [1, 1, 1]
	J2-4_6: []
	J2-4_7: [1, 1, 1, 2, 1, 1, 1, 2, 1, 1, 1, 1, 1]
	J2-4_8: [1, 1, 1]
	J2-4_9: [1, 1, 1, 1, 1, 1, 1, 1, 1, 1]
	J2-5_0: []
	J2-5_1: [2, 1, 10, 1, 9, 1, 11, 6, 2, 4, 2, 1, 10, 7, 11, 4, 9, 5, 9, 1, 11, 9, 1, 8, 1, 9, 9, 1]
	J2-5_2: []
	J2-5_3: [1, 1]
	J2-5_4: [1, 1, 2, 19, 1]
	J2-5_6: []
	J2-5_7: [1, 1]
	J2-5_8: [2, 2, 2, 1, 1, 1, 3, 2, 1, 1, 2, 1]
	J2-5_9: [1, 2, 2, 1, 2, 2, 1, 3, 2, 2, 1, 1, 2, 2, 1, 1, 1, 1, 3, 2, 1, 1, 1, 1, 1, 3, 2, 1, 3, 2, 3, 2, 1, 2, 2, 2, 2, 1, 2, 1]
	J2-6_0: []
	J2-6_1: [9, 1, 2, 1, 1, 2, 3, 1, 7, 1, 3, 6, 11, 1, 1, 1]
	J2-6_2: []
	J2-6_3: [8, 2, 8, 2, 8, 2, 3, 7, 8, 2, 8, 1, 8, 1, 7, 2, 8, 2, 8, 1, 8, 2, 2, 10, 11, 8, 2, 5, 5, 8, 7, 10, 10, 8, 1, 8, 1, 8, 2, 11, 1, 8, 15, 2, 8, 1, 5, 8, 2, 8, 2, 10, 5, 15, 8, 15, 8, 2, 2, 17, 14, 8, 8, 2, 9, 17, 8, 8, 5, 1, 8, 1, 1, 8, 1, 8, 5, 9, 8, 1, 8, 3, 8, 8, 8, 8, 2, 8, 1, 8, 5, 8, 8, 2, 10, 14, 7, 8, 8, 2, 8, 1]
	J2-6_4: []
	J2-6_5: [1, 1, 1]
	J2-6_7: []
	J2-6_8: [1, 1, 1, 1, 1, 1]
	J2-6_9: []
	J2-7_0: []
	J2-7_1: [1, 9, 3, 2, 6, 6, 9, 1, 3, 6, 12, 1, 1, 2, 1, 2, 10, 1, 1, 3, 1, 3, 2, 1, 9, 8, 1, 1, 9, 1, 2, 1, 1, 5, 1, 3, 9, 1, 3, 1, 1, 6, 1, 6, 9, 1, 5]
	J2-7_2: []
	J2-7_3: [1, 10, 1, 2, 1, 3, 2, 2, 11, 5, 2, 1, 3, 1, 1, 2, 2, 2, 1, 3, 2, 4, 2, 1, 2, 2, 2, 13, 3, 4, 1, 2, 2, 2, 2, 11, 13, 4, 2, 2, 1, 2, 13, 3, 2]
	J2-7_4: [1, 2]
	J2-7_5: [1, 1]
	J2-7_6: [1, 1, 1, 2, 2]
	J2-7_8: [2, 2, 1, 1, 1, 1, 2, 1]
	J2-7_9: [1, 2, 1, 2, 1]
	J2-8_0: []
	J2-8_1: [1, 2, 9, 1, 3, 1, 8, 8, 1, 8, 9, 3, 4, 8, 1, 2, 9, 1, 3, 2, 1, 3, 10, 3, 8, 1, 8, 1, 2, 2, 3, 10, 1, 2, 9, 1, 3, 3, 9, 1, 8, 2, 9, 1, 10, 1, 1, 9, 1, 4, 9, 1, 3, 9, 1, 3, 9, 1, 1, 1, 3, 1, 12, 10, 8, 3, 11, 3, 1, 4, 8, 1, 3, 9, 1, 9, 2, 2]
	J2-8_2: []
	J2-8_3: [2, 1, 5]
	J2-8_4: []
	J2-8_5: [1, 2, 1, 13, 1, 1]
	J2-8_6: [1, 1, 2, 1, 1]
	J2-8_7: [1, 1, 1]
	J2-8_9: [3]
	J2-9_0: []
	J2-9_1: [3, 2, 2, 2, 2, 1, 1, 1]
	J2-9_2: [2, 1, 1, 5, 1, 1, 1, 3]
	J2-9_3: [1]
	J2-9_4: [1, 2, 1, 2, 1, 1, 1, 1]
	J2-9_5: [1, 6, 6, 1, 5, 1, 11, 6, 1, 9, 5, 12, 6, 8, 6, 2, 10, 1, 6, 10, 1, 1, 1, 9, 10, 5, 1, 9, 6, 6, 2, 11, 7, 8, 1, 6, 1, 5, 2, 5, 9, 8, 11, 6, 1, 6, 11, 10, 10, 2]
	J2-9_6: []
	J2-9_7: [1, 1, 1]
	J2-9_8: [1]
Average trace length: 23