Initial state times:
	0: [1]
	1: [1, 1, 7, 1, 1, 1, 2, 2, 1, 1, 25, 7]
	2: [1, 3, 1, 1]
	3: [3, 43, 43, 1, 2, 3, 1]
	4: [1]
	5: [1]
	6: [1]
	7: [1]
	8: [1, 2, 1, 1, 1, 2, 3, 1, 4, 2, 5, 1, 2, 1, 1, 1, 1, 1, 1, 1, 1, 3, 1, 2]
Times of states:
	J2-0_1: []
	J2-0_2: [2, 1, 1, 1, 2, 1]
	J2-0_3: [1, 2, 1, 1]
	J2-0_4: [3, 3, 3, 6, 9, 1, 3, 1, 1, 2, 8, 1, 1, 1, 1, 9, 1, 9, 1, 3, 1, 1, 1, 1, 7, 1, 2, 2, 6, 1, 5, 4, 1, 12, 1, 4, 6, 1, 6, 11, 1, 1, 1, 9, 1, 1, 9, 3, 9, 1, 3, 1, 3, 1, 10, 1]
	J2-0_5: [1, 10, 1]
	J2-0_6: [4, 10, 17, 13, 2, 14, 13, 1, 20, 13, 13, 13, 5, 13, 3, 2, 11, 14, 3, 17, 12, 13, 4, 18, 12, 17, 13, 3, 13, 20, 13, 3, 13, 4, 18, 13, 19, 4, 18, 13, 4, 12, 13, 17, 17, 18, 14, 5, 13]
	J2-0_7: [2, 2, 2, 2, 2, 1, 1]
	J2-0_8: []
	J2-1_0: []
	J2-1_2: []
	J2-1_3: [1]
	J2-1_4: []
	J2-1_5: []
	J2-1_6: []
	J2-1_7: []
	J2-1_8: [1, 2, 4, 3, 3, 1, 2, 39, 3, 3, 2, 1, 3, 2, 1, 3, 1, 3, 1]
	J2-2_0: [1, 1, 1, 1, 1]
	J2-2_1: []
	J2-2_3: [2, 1, 1, 2, 1, 3, 2, 39, 2, 1, 2, 2, 1, 1, 1, 1, 1, 1, 1, 1, 1]
	J2-2_4: [2, 1, 1, 1, 2, 1, 12, 1, 1, 2, 1, 2]
	J2-2_5: [6, 1, 2, 10, 6, 1, 9, 6, 1, 7, 7, 7, 6, 8, 7, 7, 5, 12, 1, 6, 6, 5, 1, 9, 6, 10, 2, 2, 11, 6, 1, 5, 9, 6, 1, 9, 9, 10, 1, 1, 11]
	J2-2_6: []
	J2-2_7: [3]
	J2-2_8: [1, 1, 1, 1, 1]
	J2-3_0: [1, 1, 1, 1, 1, 1, 2, 1, 1, 1, 1, 2, 1]
	J2-3_1: [1]
	J2-3_2: [1, 1, 1, 1, 1, 1, 1, 1, 2, 1, 4, 1, 3, 1, 1, 1, 3, 1, 1, 1, 1, 1, 1]
	J2-3_4: [1, 1, 1, 2, 2, 2, 3, 1, 1]
	J2-3_5: [1, 6, 1, 1, 8, 1, 6, 1, 1, 8]
	J2-3_6: []
	J2-3_7: [1, 1, 1, 1]
	J2-3_8: [24, 1, 2, 1, 1, 3, 2, 1, 1, 1, 1, 1, 1, 1, 3, 2, 1, 1, 2, 2, 1, 1, 1, 1, 1, 1, 5, 28, 1, 2, 2, 1]
	J2-4_0: [2, 1, 1, 1, 1, 1, 1, 1, 1, 1, 1, 1, 1, 1, 1, 1, 1, 1, 1, 1, 1, 1, 1, 1, 1, 1, 1, 1, 1, 1, 1, 1, 1, 1, 1, 1, 1, 1, 1, 1, 1, 1, 1, 1, 1, 1, 1, 1, 1, 1, 1, 1, 1, 1, 1, 1, 1]
	J2-4_1: []
	J2-4_2: [2, 1, 1, 2, 1, 2, 3, 2, 2, 3]
	J2-4_3: [1]
	J2-4_5: [13, 8, 9, 2, 9, 9, 11, 1, 10, 2, 10, 3, 2, 1, 2, 10, 14, 9, 1, 8, 11, 1, 11, 1, 1, 8, 9, 10, 8, 12, 13, 7]
	J2-4_6: [16, 3, 1, 11, 18, 6, 4, 11, 13, 1, 13, 12, 12, 13, 13, 4, 11, 5, 1, 5, 12, 10, 5, 1, 4, 13, 5, 12, 11, 5, 2, 2, 11, 4, 12, 10, 12, 1, 16, 3, 12, 2, 3, 13, 12, 14, 13, 11]
	J2-4_7: [1, 2, 1, 1, 1, 1, 2, 1, 1, 2, 2, 1, 2, 1, 1, 2, 1, 2, 1, 2, 1, 2, 1, 1, 2, 1, 2, 1, 1, 2, 2, 1, 2, 1, 1, 1, 1, 1, 1, 2, 1, 1, 1, 1, 1, 1, 2, 1, 1, 1, 1, 1, 2, 1, 3, 1, 2, 1, 1, 1, 2, 1, 1, 1, 1, 1, 1, 1, 1, 1, 1]
	J2-4_8: []
	J2-5_0: [1, 1, 1, 1, 1]
	J2-5_1: []
	J2-5_2: [1, 2, 2, 1, 1, 1, 1, 2, 1, 3, 1, 2, 1, 3, 3, 2, 2, 2, 1, 2, 1, 2, 1, 1, 1, 2, 1, 1, 1, 2, 1, 2, 2, 2, 1, 2]
	J2-5_3: [2, 1, 19, 1, 1, 2, 2, 1, 1, 2]
	J2-5_4: [11, 10, 1, 10, 1, 10, 11, 1, 5, 2, 4, 2, 11, 13, 6, 13, 2, 1, 1, 1, 1, 9, 6, 9, 10, 9, 11, 11, 11, 5, 1, 8]
	J2-5_6: [1, 1, 1]
	J2-5_7: [3, 1, 1, 1, 2, 1]
	J2-5_8: []
	J2-6_0: [1, 1, 1, 1, 1, 1, 2, 1, 1, 1, 1, 1, 2, 1, 1, 1, 1, 1, 1, 2, 2, 1, 1, 1, 1, 1, 1, 1, 1, 1, 1, 1, 1, 1, 1, 1, 1, 1, 1, 1, 1, 1, 1, 1, 1, 1, 1, 1, 1, 1, 1]
	J2-6_1: []
	J2-6_2: []
	J2-6_3: []
	J2-6_4: [6, 1, 7, 1, 1, 9, 1, 8, 11, 4, 10, 6, 1, 6, 1, 10, 6, 1, 4, 2, 1, 1, 1, 13, 1, 4, 1, 1, 4, 1, 7, 8, 4, 1, 6, 9, 4, 1, 1, 5, 1, 1, 1, 1, 6, 4, 5]
	J2-6_5: [1]
	J2-6_7: [1, 1, 2, 2, 1, 1, 1, 1, 2, 1, 1, 1, 1, 1, 2]
	J2-6_8: [1]
	J2-7_0: [1, 1]
	J2-7_1: []
	J2-7_2: [2, 2]
	J2-7_3: [1]
	J2-7_4: [1, 4, 1, 2, 9, 3, 2, 8, 2, 3, 1, 1, 2, 3, 9, 1, 9, 1, 2, 8, 2, 1, 3, 9, 1, 1, 2, 3, 1, 3, 8, 1, 3, 13, 4, 8, 1, 10, 2, 1, 3, 10, 1, 1, 9, 9, 1, 1, 12, 3, 4, 6, 10, 1, 1, 2, 9, 1, 1, 2, 10, 12, 3, 4, 1, 1, 2, 10, 2, 10, 3]
	J2-7_5: [1, 1, 1, 1, 1, 1, 2, 1]
	J2-7_6: [1, 1, 1, 3, 9, 1, 21, 1, 17, 1, 2, 1, 2, 3, 17, 3, 3]
	J2-7_8: []
	J2-8_0: [1]
	J2-8_1: [1, 1, 1, 1, 1, 2, 1]
	J2-8_2: [1, 2, 1, 1, 1, 1, 1, 1, 1, 1, 2, 1, 1]
	J2-8_3: [1, 2, 1, 1, 2, 1, 1, 1, 1, 7, 7, 7, 5, 2, 2, 1, 1, 3, 1, 1, 1, 3, 2, 1, 1, 3, 2, 1, 2, 1, 1, 1, 1, 1, 3, 1, 21, 4, 1, 1, 1, 2, 2, 1, 1, 2, 2, 2, 1, 1, 3, 2, 2, 1]
	J2-8_4: []
	J2-8_5: [9, 1]
	J2-8_6: [1]
	J2-8_7: []
Average trace length: 20