Initial state times:
	0: [1]
	1: [1]
	2: [15, 19, 18, 1, 15, 14]
	3: [15, 19, 19, 20, 1, 1, 19, 17, 20, 21, 16, 15, 1, 18]
	4: [19]
	5: [3]
Times of states:
	J2-0_1: []
	J2-0_2: [20]
	J2-0_3: [2, 22, 2, 22, 2, 45]
	J2-0_4: []
	J2-0_5: []
	J2-1_0: []
	J2-1_2: []
	J2-1_3: [1, 22, 21, 21, 1, 21, 1, 20, 21, 2, 21, 20, 21, 1, 20, 20, 1, 20, 1, 20, 20, 20, 21, 21, 1, 20]
	J2-1_4: []
	J2-1_5: []
	J2-2_0: [1, 1, 1, 1]
	J2-2_1: [21]
	J2-2_3: [1, 22, 1, 2, 20, 21]
	J2-2_4: [2, 1]
	J2-2_5: [2]
	J2-3_0: []
	J2-3_1: [20, 63, 1, 1, 1, 20, 80, 1, 1, 19, 1, 85, 2, 77, 2, 61, 1, 2, 1, 83, 1, 65, 1, 1, 80, 20, 1, 91]
	J2-3_2: [1, 1]
	J2-3_4: [20, 1, 20, 1, 20, 1, 1, 1, 20, 21, 1, 1, 1, 1, 1, 1, 1, 2, 19, 1, 1]
	J2-3_5: []
	J2-4_0: [1, 1]
	J2-4_1: [1, 1, 1]
	J2-4_2: [1, 1, 1, 1]
	J2-4_3: [22, 22, 1, 21, 1, 2, 20, 1, 1, 1, 1, 1, 1, 1]
	J2-4_5: []
	J2-5_0: [2]
	J2-5_1: []
	J2-5_2: [1]
	J2-5_3: []
	J2-5_4: []
Average trace length: 6