Initial state times:
	0: [1, 1, 1, 2, 2, 2, 7, 1, 3, 25, 2]
	1: [1]
	2: [3, 3, 2, 3, 3, 1, 2, 3, 1, 1, 1, 5, 2]
	3: [1]
	4: [1]
	5: [1, 1, 1, 2, 1, 2, 1, 3, 44, 43, 2, 2, 23, 1, 4, 3, 1, 2, 2, 3, 44, 2, 1]
	6: [1]
Times of states:
	J2-0_1: []
	J2-0_2: [1]
	J2-0_3: []
	J2-0_4: []
	J2-0_5: [1, 3, 1, 1, 3, 4, 39, 3, 4, 1, 3, 1, 4, 1, 39, 2, 3, 6]
	J2-0_6: []
	J2-1_0: []
	J2-1_2: [2]
	J2-1_3: [1, 1, 9, 1, 1, 1, 1, 12]
	J2-1_4: [9, 1, 7, 1, 4, 8, 1, 5, 1, 8, 1, 9, 1, 8, 1, 2, 2, 3, 10, 1, 5, 8, 1, 2, 1, 3, 8, 1, 2, 4, 3, 8, 1, 9, 1, 4, 8, 1, 8, 5, 8, 8, 1, 1, 7, 1, 4, 4, 8, 8, 1, 2, 4, 8, 1, 1, 1, 2, 8, 2, 5, 5, 3, 1, 2, 2, 4, 8, 1, 8, 8, 1, 4, 7, 8, 1, 4, 8, 1, 8, 3, 5, 4, 4, 2, 9, 1, 4]
	J2-1_5: []
	J2-1_6: [10, 1, 2, 2, 2, 17, 18, 1, 9, 1, 1, 3, 11, 2, 9, 11, 20, 1, 8, 1, 2, 2, 1]
	J2-2_0: []
	J2-2_1: [3, 1, 2, 1, 3, 3, 2]
	J2-2_3: [9, 11, 6, 1, 10, 7, 11, 7, 1, 7, 1, 8, 11, 1, 1, 7, 1, 1, 9, 7, 1, 6, 11, 1, 8, 12, 1, 11, 1, 7, 11, 10, 12, 7, 1, 9, 11, 1, 1, 8]
	J2-2_4: [2, 1, 2, 1, 1, 1, 2, 2, 1, 1, 1, 1, 1, 1, 3, 1, 2, 1, 1, 1, 1, 2, 3, 1, 3, 1, 1, 2, 1, 1, 1]
	J2-2_5: [2, 26, 1, 3, 7, 1, 1, 42, 2, 1, 1, 1, 1, 3, 1, 1, 1, 1, 5, 1, 1]
	J2-2_6: [1, 1, 1]
	J2-3_0: []
	J2-3_1: [1, 2, 2, 2, 2, 2, 3]
	J2-3_2: [1, 2, 2, 1, 1, 1, 1, 1, 2, 1, 2, 1, 1, 1, 2, 1, 1, 1, 1, 3, 42, 1, 1, 1, 1, 1, 1, 19, 1, 1, 1]
	J2-3_4: [10, 1, 1, 9, 2, 1, 12, 6, 1, 1, 10, 1, 7, 1, 1, 1, 1, 1, 13, 2, 2, 1, 11, 1, 10, 1, 2, 2, 2, 8, 11, 10, 2, 4, 1, 11]
	J2-3_5: [1]
	J2-3_6: [1, 1]
	J2-4_0: []
	J2-4_1: [2, 3, 1, 3, 2, 1, 1, 2, 1, 2, 2, 2, 1, 1, 1, 1, 2, 3, 1, 2, 1, 2, 2, 2, 2, 1, 1, 2, 2, 2, 1, 2, 1, 2, 2, 1, 1, 1, 2, 2, 1, 2, 1, 3, 2, 1, 2, 2, 1, 2, 1, 2, 2, 1, 1, 2, 2, 1, 1, 2, 2, 2, 2, 2, 3, 2, 2, 2, 1, 1, 1, 1, 1, 1, 2, 1, 2, 2, 2, 2, 2, 1, 2, 1, 2, 1, 3, 1, 1, 3, 2, 2]
	J2-4_2: [1, 1, 1, 3, 1, 1, 1, 1, 1, 1, 1, 2, 1, 2, 1, 1, 1, 2]
	J2-4_3: [1, 1, 2, 10, 9, 11, 14, 14, 12, 8, 9, 11, 2, 9, 9, 1, 11, 10, 2, 1, 11, 11, 10, 13, 12, 11, 1, 11, 8, 12]
	J2-4_5: []
	J2-4_6: [13, 12, 12, 12, 12, 1, 20, 5, 13, 3, 1, 14, 3, 12, 14, 3, 1, 6, 4, 14, 5, 12, 13, 2, 3, 2, 3, 1, 13, 13, 11, 1, 1, 17, 12, 3, 14, 2, 11, 18, 11, 12, 2, 13, 3, 12, 11, 12, 13, 18, 2, 11, 2, 13, 4, 1, 1, 11, 11, 10, 13, 1, 1, 12, 1, 17, 1, 13, 13, 4, 13, 3, 11, 2, 6, 17, 11, 14, 3, 12, 13, 3, 14, 2, 13, 1, 3, 14, 2, 13, 18, 2, 12, 4, 13, 5, 13, 6, 4, 10, 12, 2, 4, 13, 3]
	J2-5_0: [1, 1, 1, 1, 2, 1, 2, 2]
	J2-5_1: []
	J2-5_2: [2, 3, 1, 2, 2, 1, 2, 4, 2, 2, 3, 3, 1, 3, 2, 3, 4, 1, 1, 4, 1, 1, 3, 1, 6, 5, 8, 10, 6, 2, 1, 1, 2, 4, 1, 2, 3, 2, 1, 1, 1, 4, 2, 2, 2, 2]
	J2-5_3: [1, 9, 1, 8, 1]
	J2-5_4: [1]
	J2-5_6: [1]
	J2-6_0: []
	J2-6_1: [1, 1, 1, 1, 1, 1, 1, 1, 1, 2, 1, 1, 2, 2, 1, 2, 2, 1]
	J2-6_2: [1]
	J2-6_3: []
	J2-6_4: [4, 9, 1, 13, 4, 1, 1, 8, 1, 1, 1, 1, 1, 8, 4, 1, 1, 1, 1, 12, 1, 1, 6, 4, 13, 1, 1, 7, 1, 1, 5, 12, 6, 9, 1, 1, 10, 1, 1, 9, 5, 1, 5, 11, 4, 1, 1, 8, 13, 7, 10, 4, 2, 10, 1, 2, 5, 1, 1, 1, 6, 5, 5, 13, 12, 4, 3, 4, 5, 1, 1, 2, 4, 5, 8, 1, 1, 5, 1, 1, 1, 9, 4, 11, 1, 1, 1, 5, 1, 1, 1, 2, 7, 1, 7, 1, 1, 2, 12, 1, 5, 6, 6, 1, 1, 1]
	J2-6_5: [1]
Average trace length: 16