Initial state times:
	0: [15, 19, 2, 5, 4, 5, 20, 15, 16, 18, 3]
	1: [39, 6, 2, 2]
	2: [1, 3, 1, 1]
	3: [1, 2, 2, 1, 2, 2, 7, 1, 9, 3, 8, 2]
Times of states:
	J2-0_1: [63, 47, 86, 42, 1, 1, 21, 24, 23]
	J2-0_2: [2, 1, 2, 8, 2, 1, 1, 2, 1, 9, 2, 8, 9, 1, 1, 1, 8, 8, 1, 2, 1, 1, 20, 1, 2, 1, 8, 9, 1, 7, 1, 1, 1, 21, 1, 1, 1, 1, 1, 7]
	J2-0_3: [80, 19, 47, 43, 46, 2, 42, 2, 61, 1, 44, 48, 40, 38, 52, 1, 44, 46, 1, 1, 35, 38, 1, 1, 78, 1, 2, 1, 91, 51]
	J2-1_0: [1, 1, 21, 1, 1, 2, 1, 22]
	J2-1_2: [1, 9, 10, 11, 9, 6, 8, 1, 2, 7, 7, 9, 2, 7, 11, 11, 1, 1, 1, 1, 1, 1, 1, 10, 10, 11, 1, 11, 7, 9, 1, 1, 1, 2, 11, 7, 10, 2, 1, 10, 9, 11, 1, 10, 7, 9, 1, 1, 1, 1, 1, 10, 9, 12]
	J2-1_3: []
	J2-2_0: [2, 5, 2, 5, 6, 4, 1, 1, 3, 6, 21, 1, 2, 21, 4, 1, 2, 5, 6, 21, 1, 1, 21, 1, 1, 3, 1]
	J2-2_1: [23, 2, 10, 12, 25, 44, 49, 12, 12, 1, 45, 3, 11, 11, 27, 1, 11, 11, 1, 23, 42, 44, 1, 10, 11, 25, 24, 19, 11, 11, 26, 4, 43, 42, 23, 13, 11, 1, 21, 11, 11, 1, 23, 24, 11, 12, 1, 24, 44, 20, 2, 11, 12]
	J2-2_3: [1, 1, 46, 3]
	J2-3_0: [21, 2, 6, 2, 1, 2, 5, 3, 7, 4, 1, 4, 3, 21, 1, 1, 4, 2, 6, 6, 2, 1, 4, 3, 21, 2, 4, 20, 5, 1, 3, 20, 4, 1, 5, 2, 21, 19, 4, 20, 21, 20, 4]
	J2-3_1: []
	J2-3_2: []
Average trace length: 9