Initial state times:
	0: [1, 1, 16, 19, 18, 19, 20, 15, 20, 1]
	1: [8, 19, 16, 2, 16, 1, 7, 6, 21, 16]
	2: [1]
	3: [1, 2]
Times of states:
	J2-0_1: [21]
	J2-0_2: [1, 21, 20, 1, 21, 1, 1, 1, 1, 20, 1, 1, 1, 1, 1, 1, 2, 20, 1, 21, 1, 2, 1, 20, 1]
	J2-0_3: [1, 1, 20, 63, 2, 85, 1, 83, 1, 20, 1, 19, 19, 2, 61, 1, 88, 1, 1, 80, 1, 65, 2]
	J2-1_0: [1, 2, 22, 2, 20, 19, 1, 1, 1, 1]
	J2-1_2: [1, 2]
	J2-1_3: []
	J2-2_0: [20, 2, 22, 22, 22, 21, 20, 1, 2, 21, 1, 2, 2, 1, 21, 20, 1, 2, 1, 21, 23]
	J2-2_1: [1]
	J2-2_3: [1, 1, 1, 1, 1]
	J2-3_0: [20, 20, 22, 1, 21, 21, 20, 20, 21, 1, 20, 2, 1, 21, 1, 21, 21, 3, 21, 20, 21, 21, 20, 1, 20]
	J2-3_1: []
	J2-3_2: []
Average trace length: 5