Initial state times:
	0: [1]
	1: [1, 1, 2, 2, 1, 1, 1, 7, 25, 2, 1, 3, 1, 1]
	2: [1, 1, 1, 1]
	3: [1, 3, 1, 2, 3, 1, 3, 43, 43, 3, 1]
	4: [1]
	5: [1]
	6: [1]
	7: [1]
	8: [1, 1, 1, 1, 2, 2, 1, 1, 39, 1, 3, 2, 1, 1, 2, 2, 1]
Times of states:
	J2-0_1: []
	J2-0_2: [1, 1, 2, 1]
	J2-0_3: [1, 1]
	J2-0_4: [1, 4, 6, 1, 6, 1, 5, 1, 9, 12, 1, 3, 9, 1, 5, 2, 12, 1, 3, 3, 1, 5, 1, 1, 3, 1, 9, 6, 1, 1, 5, 9, 3, 1, 9, 1, 3, 1, 9, 8, 1, 2, 6, 2, 6, 1, 10, 3, 3, 1, 2, 1, 1, 2, 5, 9, 2, 6, 1, 9, 1, 1, 7]
	J2-0_5: [1, 1, 10]
	J2-0_6: [13, 20, 13, 3, 12, 12, 13, 17, 13, 13, 13, 20, 4, 1, 14, 3, 13, 4, 13, 3, 18, 12, 18, 18, 3, 1, 13, 14, 2, 17, 13, 12, 13, 3, 13, 13, 17, 3, 2, 11, 17, 17, 17, 12, 17, 13, 13, 3, 13, 4, 12]
	J2-0_7: [2, 2, 1, 1, 3, 2, 1, 2, 2, 1]
	J2-0_8: []
	J2-1_0: []
	J2-1_2: []
	J2-1_3: [1, 1]
	J2-1_4: []
	J2-1_5: []
	J2-1_6: []
	J2-1_7: []
	J2-1_8: [1, 2, 2, 1, 3, 2, 1, 1, 1, 2, 4, 3, 4, 3, 1, 42, 1, 2, 3]
	J2-2_0: [2, 1, 1, 1, 1, 1]
	J2-2_1: []
	J2-2_3: [3, 1, 1, 1, 1, 2, 2, 1, 1, 2, 1, 2, 1, 2, 1, 2, 1, 1, 1]
	J2-2_4: [1, 2, 2, 1, 1, 1, 12, 1, 1, 11]
	J2-2_5: [2, 10, 1, 7, 5, 9, 11, 6, 1, 6, 1, 10, 1, 6, 1, 8, 6, 10, 1, 7, 6, 6, 8, 9, 10, 2, 11, 1, 9, 7]
	J2-2_6: [1]
	J2-2_7: [2, 3, 3]
	J2-2_8: [1, 1, 1]
	J2-3_0: [1, 1, 1, 2, 1, 2, 1, 1, 1, 1, 1, 1, 1, 2]
	J2-3_1: [1, 1]
	J2-3_2: [1, 1, 3, 2, 2, 1, 1, 1, 1, 1, 1, 1, 1, 1, 1, 1, 2, 1, 1]
	J2-3_4: [3, 1, 1, 4, 1, 2, 2, 1, 1, 2]
	J2-3_5: [6, 1, 1, 6, 6, 6, 1, 10, 1, 8, 6, 8]
	J2-3_6: []
	J2-3_7: [1]
	J2-3_8: [2, 39, 3, 2, 1, 1, 1, 1, 1, 1, 1, 1, 1, 5, 44, 1, 24, 1, 3, 1, 2, 1, 2, 1, 1, 2, 2, 1, 1, 1, 1]
	J2-4_0: [1, 1, 1, 1, 1, 1, 1, 1, 1, 1, 1, 1, 1, 1, 1, 1, 1, 1, 1, 1, 1, 1, 1, 1, 1, 1, 1, 1, 1, 1, 1, 1, 1, 1, 1, 1, 1, 1, 1, 1, 1, 1, 1, 1, 1, 1, 1, 1, 1, 1, 1, 1, 1, 1, 1, 1, 1, 1, 1, 1, 1, 1, 1, 1, 1, 1, 1]
	J2-4_1: []
	J2-4_2: [2, 3, 1, 2, 2, 3, 2, 2, 2, 1, 2, 1]
	J2-4_3: [1]
	J2-4_5: [1, 10, 2, 8, 12, 9, 1, 11, 14, 14, 10, 1, 11, 10, 13, 2, 9, 9, 11, 9, 2, 1, 11, 8, 10, 9, 2, 10]
	J2-4_6: [12, 11, 5, 12, 12, 3, 11, 11, 10, 1, 12, 2, 6, 1, 10, 11, 4, 2, 2, 17, 13, 12, 13, 12, 6, 1, 11, 1, 4, 3, 1, 5, 2, 3, 6, 5, 3, 1, 11, 12, 11, 13, 4, 11, 1, 4, 10, 5, 12, 10]
	J2-4_7: [1, 2, 1, 1, 3, 1, 1, 1, 1, 1, 2, 1, 1, 1, 1, 1, 2, 2, 1, 1, 1, 1, 1, 1, 1, 1, 2, 1, 1, 1, 2, 1, 1, 1, 1, 1, 2, 1, 1, 1, 1, 1, 1, 1, 1, 2, 2, 1, 1, 1, 2, 1, 1, 1, 2, 2, 1, 1, 3, 1, 1, 1, 1, 2, 1]
	J2-4_8: []
	J2-5_0: [1, 1, 1, 1, 1]
	J2-5_1: []
	J2-5_2: [1, 2, 1, 1, 2, 2, 2, 2, 2, 2, 1, 1, 1, 2, 2, 1, 3, 1, 2, 2, 1, 1, 3, 2, 2, 2, 1, 2, 1, 2]
	J2-5_3: [1, 1, 2, 1, 1, 19, 1, 3, 1, 2, 1]
	J2-5_4: [11, 10, 1, 10, 9, 9, 10, 1, 9, 13, 5, 2, 1, 1, 1, 9, 1, 2, 2, 4, 11, 5, 12, 11, 9, 12, 6, 2]
	J2-5_6: [1, 1]
	J2-5_7: [2, 1, 2, 1]
	J2-5_8: []
	J2-6_0: [1, 1, 1, 1, 1, 1, 1, 1, 1, 1, 1, 1, 1, 1, 1, 1, 1, 1, 1, 1, 2, 1, 1, 1, 1, 2, 1, 1, 1, 1, 1, 1, 1, 1, 1, 1, 1, 1, 1, 2, 1, 1, 1, 1, 2, 1, 1, 1]
	J2-6_1: []
	J2-6_2: []
	J2-6_3: [1]
	J2-6_4: [4, 4, 1, 11, 1, 11, 4, 1, 1, 1, 1, 7, 2, 1, 5, 2, 1, 1, 7, 1, 4, 5, 1, 8, 9, 1, 1, 9, 10, 6, 1, 11, 1, 1, 4, 2, 1, 1, 1, 7, 1, 1, 11, 1, 1, 4, 1, 2, 1, 13]
	J2-6_5: [1]
	J2-6_7: [1, 1, 1, 1, 1, 1, 1, 1, 1, 1, 1, 2, 1, 1, 1, 1, 2, 2, 1, 1]
	J2-6_8: []
	J2-7_0: [1]
	J2-7_1: []
	J2-7_2: [2]
	J2-7_3: []
	J2-7_4: [1, 2, 1, 3, 3, 2, 1, 12, 3, 1, 3, 10, 10, 10, 2, 10, 1, 1, 1, 1, 1, 10, 3, 13, 3, 1, 12, 9, 3, 2, 1, 2, 3, 1, 9, 1, 4, 3, 9, 1, 1, 2, 9, 4, 7, 3, 9, 1, 3, 3, 3, 8, 1, 3, 5, 1, 8, 1, 3, 1, 4, 10, 1, 6, 1, 3, 4, 6, 3]
	J2-7_5: [1, 2, 1, 1, 1, 1, 1, 1]
	J2-7_6: [2, 3, 17, 9, 2, 2, 22, 3, 8, 11, 8, 1, 9, 1, 1, 1, 17, 1, 1]
	J2-7_8: []
	J2-8_0: [1]
	J2-8_1: [1, 1, 1, 1, 2]
	J2-8_2: [1, 1, 1, 1, 1, 2, 2, 1, 1, 1, 1, 1]
	J2-8_3: [1, 1, 2, 1, 1, 1, 1, 7, 7, 7, 5, 2, 2, 3, 1, 1, 1, 1, 1, 1, 3, 21, 4, 1, 1, 1, 3, 1, 1, 2, 2, 2, 3, 1, 3, 1, 1, 1, 2, 1, 1, 1, 3, 2, 1, 1, 3, 2, 1, 2]
	J2-8_4: []
	J2-8_5: [1]
	J2-8_6: []
	J2-8_7: []
Average trace length: 19