Initial state times:
	0: [1]
	1: [2, 1]
	2: [15, 15, 1, 15, 14, 18, 19]
	3: [19, 15, 20, 18, 18, 20, 1, 1, 19]
	4: [19]
	5: [4, 3, 2]
Times of states:
	J2-0_1: []
	J2-0_2: [20, 2, 1]
	J2-0_3: [21, 22, 2, 22, 1, 22, 2, 21]
	J2-0_4: [2]
	J2-0_5: [1, 1]
	J2-1_0: []
	J2-1_2: []
	J2-1_3: [21, 21, 1, 21, 21, 21, 3, 21, 20, 21, 1, 21, 20, 1, 20, 1, 21, 1, 22, 21, 1, 21, 1, 20, 20, 2, 20]
	J2-1_4: []
	J2-1_5: []
	J2-2_0: [1, 1, 1, 1, 1, 1, 2]
	J2-2_1: []
	J2-2_3: [19, 20, 1, 1, 1, 22, 21, 20, 20]
	J2-2_4: []
	J2-2_5: []
	J2-3_0: []
	J2-3_1: [1, 20, 1, 85, 1, 88, 1, 1, 20, 63, 80, 1, 65, 1, 91, 19, 80, 1, 2, 61, 1, 20, 1, 1, 83, 19, 66]
	J2-3_2: [1]
	J2-3_4: [19, 1, 1, 20, 20, 1, 1, 1, 20, 1, 2, 19, 1, 1, 1, 1, 20, 1, 20, 1, 19, 1, 1, 1, 1]
	J2-3_5: []
	J2-4_0: [1, 1, 1, 1, 1]
	J2-4_1: [1, 1, 1, 1, 1]
	J2-4_2: [1, 1, 1]
	J2-4_3: [1, 2, 22, 22, 23, 1, 1, 2, 21, 1, 2, 1, 2]
	J2-4_5: []
	J2-5_0: [2]
	J2-5_1: []
	J2-5_2: [3, 4]
	J2-5_3: [1, 1]
	J2-5_4: []
Average trace length: 7