Initial state times:
	0: [15, 19, 1, 19, 21, 18, 20, 1, 1, 15, 16, 18, 20]
	1: [1, 16, 29, 21, 19, 1, 6, 2, 2]
	2: [19]
	3: [1]
Times of states:
	J2-0_1: [21]
	J2-0_2: [2, 1, 20, 1, 21, 1, 21, 1, 1, 1, 21, 1, 1, 1, 1, 1, 20, 1, 20, 1, 1, 21, 1, 1, 1, 1, 1]
	J2-0_3: [80, 19, 2, 1, 2, 77, 1, 1, 1, 1, 19, 1, 2, 61, 1, 1, 83, 20, 1, 78, 1, 2, 1, 91, 1, 65]
	J2-1_0: [1, 2, 1, 1, 20, 45, 1, 1, 22]
	J2-1_2: [2, 1, 1]
	J2-1_3: []
	J2-2_0: [2, 1, 21, 23, 20, 1, 20, 1, 1, 1, 22, 2, 2, 1, 20, 1, 21, 21, 1, 1, 21, 1, 1, 1]
	J2-2_1: [1, 20]
	J2-2_3: [1, 1, 1, 3]
	J2-3_0: [21, 2, 20, 21, 20, 20, 20, 20, 22, 1, 20, 21, 1, 20, 21, 1, 21, 21, 19, 4, 20, 21, 20, 20, 1]
	J2-3_1: []
	J2-3_2: []
Average trace length: 6