Initial state times:
	0: [15, 16, 19, 17, 18, 1, 1, 19, 19, 19, 21, 18, 1]
	1: [16, 16, 21, 2, 16, 29]
	2: [1]
	3: [1, 9, 1]
Times of states:
	J2-0_1: [1]
	J2-0_2: [1, 1, 1, 1, 20, 1, 21, 1, 1, 1, 21, 1, 1, 1, 7, 1, 20, 1, 1, 1, 1, 21, 1, 1, 21, 1, 1, 21, 1, 1]
	J2-0_3: [1, 1, 21, 1, 91, 20, 63, 85, 1, 83, 66, 1, 2, 44, 1, 1, 82, 20, 19, 1, 78, 1, 22, 1, 2, 77, 19, 2, 1]
	J2-1_0: [2, 2, 1, 2]
	J2-1_2: [1, 2, 8, 8, 8, 2, 1, 1, 1, 1]
	J2-1_3: [21]
	J2-2_0: [1, 1, 1, 1, 22, 22, 21, 20, 1, 20, 1, 5, 1, 21, 1, 21, 2, 1, 1, 21, 1, 21, 1, 1, 20, 1, 2, 2]
	J2-2_1: [24, 19, 1, 11, 11, 2, 23, 20]
	J2-2_3: [1, 1, 3]
	J2-3_0: [21, 20, 1, 1, 20, 1, 21, 20, 20, 20, 2, 1, 2, 2, 21, 21, 1, 2, 20, 20, 19, 4, 20, 1, 20, 20, 1, 20, 21]
	J2-3_1: []
	J2-3_2: []
Average trace length: 7