Initial state times:
	0: [7, 7, 1, 1, 1, 1, 1, 2, 2, 3, 25, 1, 2]
	1: [1]
	2: [1, 9]
	3: [1, 44, 23, 3, 1, 3, 1, 1, 1, 4, 3, 1, 1, 2, 2, 1, 1, 3, 1, 1]
	4: [1]
	5: [1]
	6: [1, 43, 1, 3, 3, 3, 2, 3, 3, 1, 1, 4, 3]
	7: [1]
Times of states:
	J2-0_1: []
	J2-0_2: []
	J2-0_3: [3, 1, 3, 1, 4, 1, 42, 28, 2, 1, 2, 2, 3, 39, 3, 4, 1, 40, 1, 3, 4, 2, 2, 1]
	J2-0_4: []
	J2-0_5: []
	J2-0_6: [1]
	J2-0_7: []
	J2-1_0: []
	J2-1_2: [14, 13, 2, 1, 1, 1, 12, 12, 10, 2, 10, 8, 10, 1, 13, 7, 1, 1, 11, 8, 1, 2, 9, 9, 1, 11, 14, 1, 11, 8, 11, 9]
	J2-1_3: []
	J2-1_4: [1, 1, 1, 1, 1, 1, 2, 1, 1, 1, 1, 1, 1, 1, 1, 1, 1, 1, 1, 1, 1, 1, 1, 1, 1, 1, 1, 1, 1, 1, 2, 1, 1, 1, 1, 1, 1, 1, 1, 1, 1, 1, 1, 1, 1, 1, 1, 1, 1, 1, 1, 1, 1, 1, 1, 1, 1, 1, 1, 1]
	J2-1_5: [1, 1, 1, 1, 1, 2, 1, 2, 1, 2, 1, 1, 2, 2, 1, 2, 2, 1, 1, 1, 1, 1, 1, 1, 1, 1, 1, 1, 2, 1, 2, 1, 1, 1, 1, 2, 1, 2, 1, 1, 1, 2, 2, 1, 1, 1, 1, 1, 2, 1, 1, 1, 1, 2, 1, 1, 1, 1, 1, 1, 3, 1, 2, 1]
	J2-1_6: [2, 2, 1, 1, 1, 1, 1, 1, 1, 1]
	J2-1_7: [18, 1, 3, 6, 11, 2, 10, 5, 1, 5, 2, 13, 2, 2, 17, 4, 1, 6, 12, 13, 5, 19, 13, 6, 5, 16, 1, 4, 13, 11, 2, 3, 12, 10, 11, 4, 12, 1, 11, 13, 12, 1, 1, 13, 1, 11, 12, 1, 4, 5, 14, 12, 3, 12, 11]
	J2-2_0: []
	J2-2_1: [2, 5, 1, 8, 13, 12, 2, 4, 1, 1, 1, 9, 1, 10, 11, 2, 1, 11, 10, 11, 1, 1, 5, 7, 12, 12, 6, 10, 11, 1, 5, 9, 1, 12, 6, 1, 9]
	J2-2_3: []
	J2-2_4: [1, 1, 1, 1]
	J2-2_5: [3, 1, 2, 1, 2, 1, 1]
	J2-2_6: [1, 1, 1, 3, 1, 1, 19, 1, 1, 2, 1, 1, 1, 1, 2, 1, 1, 1, 1, 1, 1, 2, 1, 1, 1, 1, 2, 1, 1, 1]
	J2-2_7: [1, 1]
	J2-3_0: [1, 2, 1, 1, 1, 1, 1, 2, 1, 1, 1]
	J2-3_1: []
	J2-3_2: [1, 1, 9, 1]
	J2-3_4: []
	J2-3_5: []
	J2-3_6: [2, 2, 1, 1, 2, 4, 1, 4, 1, 1, 3, 3, 2, 1, 3, 1, 3, 1, 2, 2, 3, 1, 1, 2, 3, 1, 2, 3, 2, 2, 4, 4, 1, 1, 3, 1, 3, 1, 1, 3, 2, 2, 2, 4]
	J2-3_7: [1]
	J2-4_0: []
	J2-4_1: [3, 4, 1, 2, 6, 1, 9, 3, 1, 5, 1, 9, 3, 1, 9, 1, 7, 5, 2, 12, 3, 1, 10, 11, 1, 3, 10, 3, 1, 1, 1, 9, 1, 5, 1, 1, 1, 8, 1, 10, 1, 2, 1, 5, 3, 12, 1, 2, 1, 5, 1, 2, 6, 1, 9, 1, 3, 2, 6, 1, 9, 9]
	J2-4_2: [10]
	J2-4_3: []
	J2-4_5: [1, 1, 1, 2, 1]
	J2-4_6: [3, 1, 2, 1, 2]
	J2-4_7: [5, 12, 13, 17, 13, 3, 13, 4, 13, 4, 17, 3, 10, 1, 3, 13, 13, 13, 13, 1, 13, 6, 12, 12, 17, 20, 4, 1, 2, 17, 14, 3, 4, 10, 13, 3, 13, 17, 18, 12, 3, 12, 14, 3, 12, 13, 3, 13, 3, 13, 17, 13]
	J2-5_0: []
	J2-5_1: [1, 2, 2, 10, 3, 10, 3, 1, 3, 2, 3, 1, 2, 1, 2, 9, 1, 3, 1, 10, 3, 9, 1, 2, 3, 4, 1, 1, 4, 7, 1, 2, 10, 2, 1, 1, 1, 5, 1, 1, 9, 1, 3, 4, 3, 9, 1, 3, 9, 1, 4, 1, 3, 1, 1, 2, 9, 1, 3, 10, 2, 3, 3, 10, 1, 1, 2, 9, 1, 6]
	J2-5_2: [1, 1, 11, 1, 1]
	J2-5_3: []
	J2-5_4: [1, 1]
	J2-5_6: [1, 1]
	J2-5_7: [1, 17, 11, 8, 10, 3, 1, 3, 17, 9, 8, 1, 1, 21, 1, 1, 1, 9, 1, 17, 2, 1]
	J2-6_0: [1]
	J2-6_1: [1, 2, 4, 1, 1, 2, 2, 1, 1, 2, 1, 1, 1, 1, 13]
	J2-6_2: [1, 1, 7, 8, 12, 7, 9, 9, 1, 8, 7, 1, 7, 1, 7, 8, 9, 11, 1, 8, 1, 8, 11, 1, 1, 8, 10, 7, 11, 9, 10, 11, 7, 1, 7, 1, 9, 11, 1]
	J2-6_3: [1, 1, 1, 1, 5, 3, 1, 1, 1, 26, 1, 1, 2, 1, 41, 22, 42, 2]
	J2-6_4: [1, 1, 1, 1, 2, 2, 1, 1, 2, 1, 1, 2, 2, 1, 1, 1, 1]
	J2-6_5: [1, 1, 2, 1]
	J2-6_7: [1]
	J2-7_0: []
	J2-7_1: [4, 1, 1, 2, 5, 7, 1, 2, 3, 1, 4, 1, 8, 1, 13, 1, 1, 7, 1, 5, 2, 1, 1, 6, 1, 1, 6, 1, 2, 10, 6, 1, 9, 11, 1, 1, 4, 1, 3, 2, 10, 1, 1, 1, 1, 2, 4, 1, 1]
	J2-7_2: [1]
	J2-7_3: [1]
	J2-7_4: [1, 1, 1, 1, 1, 1, 1, 2, 1, 1, 1, 1, 2, 1, 1, 1, 1, 2, 1, 1, 1, 1, 1, 1, 1, 1, 1, 1, 1, 1, 1, 1, 1, 1, 1, 1, 1, 1, 1, 1, 1, 1, 1, 1, 1, 1, 1, 1, 1, 1, 1, 1]
	J2-7_5: [1, 1, 2, 1, 1, 1, 1, 1, 1, 1, 1, 1, 1, 2, 1, 1, 1, 2, 1, 1, 1, 1, 1, 1, 1]
	J2-7_6: []
Average trace length: 18