Initial state times:
	0: [1, 3, 3, 44, 1, 46, 3, 2, 2, 2, 4, 4, 1, 2, 3, 5, 3, 4, 5, 3, 1, 2, 4, 3, 1, 3, 3, 1, 3, 3, 1, 3, 6, 4, 1, 2, 4, 2, 3, 3, 3]
	1: [2, 3, 2, 2, 2, 1, 1, 1]
	2: [9, 1, 1, 1, 1, 1, 2, 1, 1]
	3: [2, 2, 1, 42, 7, 39, 2]
Times of states:
	J2-0_1: [1]
	J2-0_2: [1, 2, 2, 1, 2, 1, 1, 9, 1, 1, 1, 1, 1, 1, 2, 1, 2, 1, 10, 1, 1, 8, 10, 2, 1]
	J2-0_3: [1, 1, 1, 1, 1, 1, 39, 49, 39, 1, 38, 37, 1, 39, 38, 1, 48, 1, 1, 41, 1, 1, 1, 38, 1, 44, 2, 2, 40, 47, 46, 47, 2, 44, 41, 46, 1, 43, 50, 1, 1, 1, 2, 1, 46, 1, 46, 45, 44, 1, 2, 1, 1, 46, 1]
	J2-1_0: []
	J2-1_2: [1, 3, 1, 1, 14, 11, 1, 12, 13, 1, 14, 1, 14, 8, 2, 3, 1, 12, 8, 4, 1, 1, 14, 1, 2, 1, 1, 15, 1, 3, 1, 10, 1, 2, 1]
	J2-1_3: []
	J2-2_0: [1, 2, 1, 20, 1, 1, 3, 6, 2, 3, 3, 1, 1, 1, 4, 3, 4, 4, 5, 1, 1, 1, 3, 3, 4]
	J2-2_1: [52, 52, 1, 50, 1, 29, 1, 13, 12, 1, 31, 13, 27, 12, 51, 31, 13, 51, 30, 13, 12, 2, 13, 1, 26, 12, 1, 2, 30, 52, 53]
	J2-2_3: [1]
	J2-3_0: [3, 1, 3, 4, 1, 1, 2, 1, 1, 1, 1, 1, 1, 1, 1, 1, 1, 1, 1, 2, 1, 1, 1, 1, 1, 1, 2, 1, 1, 1, 1, 1, 5, 1, 1, 1, 1, 2, 5, 1, 1, 1]
	J2-3_1: []
	J2-3_2: []
Average trace length: 4