Initial state times:
	0: [2, 3, 3, 2, 8, 3, 3, 1, 1, 3, 44, 4, 2, 2, 4, 4, 1, 2, 5, 3, 4, 5, 1, 2, 4, 3, 1, 3, 4, 3, 44, 44]
	1: [2, 3, 2, 2, 2, 1, 1, 1]
	2: [1, 1, 1, 1, 1]
	3: [1, 2, 1, 2, 1, 2, 1, 2, 25, 42, 1, 2]
Times of states:
	J2-0_1: [1, 53, 1, 1, 1]
	J2-0_2: [1, 2, 3, 1, 1, 2, 1, 1, 10, 9, 2, 1, 1, 9, 10, 1, 1, 1, 9, 10, 2, 1, 1, 10, 1, 12, 1, 10, 2, 3]
	J2-0_3: [1, 1, 1, 1, 1, 1, 1, 1, 1, 1, 39, 49, 39, 1, 38, 37, 1, 39, 38, 1, 1, 1, 48, 1, 1, 41, 1, 1, 1, 38, 1, 44, 2, 2, 40, 47, 46, 47, 1, 1, 2, 44, 41, 46, 1, 43, 50, 1, 1, 1]
	J2-1_0: [1]
	J2-1_2: [1, 2, 1, 2, 13, 10, 2, 10, 10, 16, 11, 2, 1, 1, 12, 10, 14, 1, 1, 15, 2, 1, 3, 1, 12, 16, 1, 1, 12, 13, 1, 14, 3, 15, 1, 14, 1, 4, 1, 1, 2, 12, 1, 1, 1, 13, 16, 12, 15, 10]
	J2-1_3: []
	J2-2_0: [1, 1, 2, 1, 1, 4, 1, 2, 1, 3, 6, 2, 3, 1, 3, 1, 1, 1, 4, 3, 4, 4, 5, 1]
	J2-2_1: [54, 1, 49, 30, 1, 12, 30, 2, 13, 28, 12, 52, 29, 2, 1, 12, 12, 1, 28, 13, 29, 52, 50, 12, 1, 31, 12, 31, 2, 53, 13, 30, 13, 27, 12, 30, 14, 11, 1, 12, 2, 13, 32, 28, 11, 26, 12]
	J2-2_3: [1]
	J2-3_0: [4, 4, 26, 1, 4, 42, 3, 3, 4, 3, 6, 6, 1, 1, 2, 1, 1, 1, 1, 1, 1, 1, 1, 1, 2, 1, 1, 1, 1, 1, 2, 1, 1, 1, 1, 1, 39, 1, 3, 1, 2, 1, 1, 1, 1]
	J2-3_1: []
	J2-3_2: [2]
Average trace length: 5