Initial state times:
	0: [2, 1, 3, 4, 2, 3, 1, 4, 3, 3, 3, 3, 2, 2, 4, 4, 1, 2, 5, 8, 3, 4, 5, 3, 1, 2, 4, 3, 1, 3, 44, 4, 3, 1]
	1: [2, 3, 2, 2, 2, 1, 1, 1]
	2: [1, 1, 1, 1, 1, 1]
	3: [2, 3, 1, 1, 1, 2, 1, 40, 42, 25]
Times of states:
	J2-0_1: [1, 1, 28]
	J2-0_2: [1, 2, 1, 2, 2, 2, 1, 8, 1, 2, 10, 1, 2, 1, 9, 2, 12, 1, 1, 1, 2, 1, 1, 10, 1, 9, 1, 2, 2, 2, 1, 1, 1, 2]
	J2-0_3: [43, 1, 1, 1, 1, 1, 1, 1, 1, 1, 1, 39, 49, 39, 1, 38, 37, 1, 39, 38, 1, 48, 1, 1, 41, 1, 1, 1, 38, 1, 44, 2, 2, 40, 47, 46, 47, 2, 44, 41, 46, 1, 43, 50, 1, 1, 1]
	J2-1_0: []
	J2-1_2: [2, 1, 1, 1, 1, 1, 13, 13, 1, 14, 1, 1, 1, 12, 12, 8, 15, 1, 13, 9, 3, 3, 15, 9, 2, 3, 13, 1, 15, 4, 1, 1, 2, 2, 1, 1, 16, 12, 2, 14, 8, 1]
	J2-1_3: []
	J2-2_0: [1, 1, 1, 1, 2, 1, 1, 1, 1, 3, 6, 2, 3, 3, 1, 1, 1, 4, 3, 4, 4, 5, 20, 1]
	J2-2_1: [51, 50, 50, 1, 53, 27, 2, 12, 13, 1, 51, 12, 2, 12, 1, 31, 30, 13, 12, 1, 12, 50, 50, 28, 13, 52, 13, 13, 29, 52, 28, 11, 49, 31, 13, 50]
	J2-2_3: [1]
	J2-3_0: [5, 1, 5, 4, 4, 1, 26, 3, 1, 2, 1, 29, 4, 1, 1, 6, 2, 1, 1, 1, 1, 1, 1, 1, 1, 1, 1, 1, 1, 2, 1, 1, 1, 1, 1, 1, 2, 1, 1, 1, 1]
	J2-3_1: []
	J2-3_2: []
Average trace length: 4