Initial state times:
	0: [21, 2, 16, 2, 7, 16, 16, 6, 8, 16]
	1: [21, 9, 19, 20, 21]
	2: [20, 21, 17, 22, 17, 22, 17, 20]
Times of states:
	J2-0_1: [1, 1]
	J2-0_2: [22, 1, 23, 24, 22, 1, 8, 11, 5, 7, 1, 2, 21, 45, 22, 1, 20, 1, 1, 45, 21]
	J2-1_0: []
	J2-1_2: [21, 1, 21, 2, 20, 1, 1, 1, 3, 4, 22, 1, 1, 21, 20, 1, 22, 1, 1, 1, 1, 1, 1, 1]
	J2-2_0: [20, 45, 1, 11, 1, 12, 28, 1, 1, 21, 1, 20, 1, 1]
	J2-2_1: [1, 20, 1, 102, 1, 21, 21, 52, 1, 20, 86, 20, 90, 107, 1, 21, 100, 21, 20, 86, 21, 68, 20]
Average trace length: 4