Initial state times:
	0: [1, 8]
	1: [15, 15, 14, 15]
	2: [1]
	3: [1]
	4: [15, 19, 16, 17, 19, 20, 19, 20, 18, 19, 1]
	5: [1]
	6: [1]
	7: [2, 1, 1]
	8: [1, 2]
	9: [1]
Times of states:
	J2-0_1: []
	J2-0_2: [19, 1, 1, 20, 20, 1, 21, 19, 2, 1, 3, 22, 20, 20, 1, 1, 21, 1, 1, 1, 2, 1, 1, 20, 21, 1, 1, 1, 19, 20, 1, 2, 7, 21, 3, 1, 20, 1, 19, 1]
	J2-0_3: []
	J2-0_4: []
	J2-0_5: []
	J2-0_6: []
	J2-0_7: []
	J2-0_8: []
	J2-0_9: []
	J2-1_0: [2]
	J2-1_2: [1]
	J2-1_3: [1, 1, 9]
	J2-1_4: [21, 1]
	J2-1_5: [1, 6]
	J2-1_6: []
	J2-1_7: [1, 1, 2, 18, 1]
	J2-1_8: [1, 1, 1, 2, 1, 2, 1, 1]
	J2-1_9: []
	J2-2_0: [1, 20, 20, 1, 20, 79, 65, 21, 56, 1, 18, 1, 63, 3, 7, 4, 2, 21, 43, 2, 1, 1, 16, 1, 1, 1, 42, 82, 21, 1, 22, 60]
	J2-2_1: []
	J2-2_3: []
	J2-2_4: [1, 22, 1, 1, 21, 1, 1, 1, 19, 20, 19, 1, 21, 20, 1, 3, 20, 20, 20, 19, 19, 1]
	J2-2_5: []
	J2-2_6: []
	J2-2_7: []
	J2-2_8: []
	J2-2_9: [1]
	J2-3_0: []
	J2-3_1: [23, 4]
	J2-3_2: []
	J2-3_4: [20, 1]
	J2-3_5: []
	J2-3_6: [1, 1, 1]
	J2-3_7: [1]
	J2-3_8: []
	J2-3_9: []
	J2-4_0: [1, 1, 1, 1, 91, 1, 1, 21]
	J2-4_1: [1, 1, 1]
	J2-4_2: [1, 22, 1, 1, 22, 1, 22, 1, 21, 1, 1, 23]
	J2-4_3: []
	J2-4_5: [1, 1, 1, 1, 1, 1, 1, 1, 1, 1, 1, 1, 4, 1, 1, 1]
	J2-4_6: []
	J2-4_7: [1, 1, 1]
	J2-4_8: [1, 1, 1, 2, 1]
	J2-4_9: [1]
	J2-5_0: []
	J2-5_1: [1, 7]
	J2-5_2: [2, 1, 1, 22, 1, 1, 1, 1, 1]
	J2-5_3: []
	J2-5_4: [1, 1, 23, 1, 1, 1]
	J2-5_6: []
	J2-5_7: []
	J2-5_8: []
	J2-5_9: [1, 2, 2, 2, 2]
	J2-6_0: []
	J2-6_1: []
	J2-6_2: []
	J2-6_3: [8, 1]
	J2-6_4: []
	J2-6_5: []
	J2-6_7: [2]
	J2-6_8: []
	J2-6_9: []
	J2-7_0: []
	J2-7_1: [2, 1, 3, 5, 18, 3, 2]
	J2-7_2: [21, 1, 1]
	J2-7_3: [1, 1]
	J2-7_4: []
	J2-7_5: []
	J2-7_6: []
	J2-7_8: [1]
	J2-7_9: []
	J2-8_0: []
	J2-8_1: [2, 7, 8]
	J2-8_2: [1, 1, 2]
	J2-8_3: [1, 1]
	J2-8_4: [21, 1, 1, 21, 1]
	J2-8_5: [1, 1]
	J2-8_6: []
	J2-8_7: []
	J2-8_9: [1, 2]
	J2-9_0: [1]
	J2-9_1: [1]
	J2-9_2: [21, 4]
	J2-9_3: []
	J2-9_4: [20, 1]
	J2-9_5: [4, 5]
	J2-9_6: []
	J2-9_7: []
	J2-9_8: [2]
Average trace length: 11