Initial state times:
	0: [1]
	1: [7, 3, 2, 2, 2, 1, 1, 7, 25, 1, 1]
	2: [1, 1, 1, 3]
	3: [3, 3, 1, 43, 3, 2, 2, 3, 3, 1, 1, 43, 40]
	4: [1]
	5: [9]
	6: [1]
	7: [1]
	8: [2, 1, 1, 2, 2, 1, 1, 1, 1, 43, 2, 3, 1, 1, 1, 1, 2]
Times of states:
	J2-0_1: []
	J2-0_2: [1, 2, 1, 1]
	J2-0_3: [2, 1]
	J2-0_4: [5, 1, 1, 2, 9, 3, 1, 3, 1, 1, 11, 1, 5, 3, 1, 3, 1, 3, 1, 1, 10, 1, 9, 1, 3, 1, 4, 9, 1, 5, 1, 9, 1, 1, 1, 2, 1, 10, 3, 3, 9, 1, 5, 1, 3, 1, 1, 6, 1, 6, 12, 1, 6, 8, 1, 9, 2, 1, 2]
	J2-0_5: [1, 1, 1, 10]
	J2-0_6: [18, 12, 17, 17, 1, 13, 3, 3, 2, 11, 4, 1, 13, 3, 2, 13, 6, 18, 19, 12, 4, 12, 1, 14, 5, 13, 4, 10, 13, 5, 17, 13, 17, 3, 1, 3, 17, 17, 13, 13, 4, 18, 13, 13, 3, 13, 2, 12, 13, 13]
	J2-0_7: [1, 2, 1, 2, 2, 1, 2, 2]
	J2-0_8: []
	J2-1_0: []
	J2-1_2: []
	J2-1_3: []
	J2-1_4: []
	J2-1_5: []
	J2-1_6: []
	J2-1_7: []
	J2-1_8: [4, 42, 1, 1, 39, 3, 3, 3, 4, 1, 2, 1, 3, 1, 3, 1, 2, 3]
	J2-2_0: [1, 1, 2, 1]
	J2-2_1: []
	J2-2_3: [1, 1, 2, 1, 1, 1, 1, 2, 1, 1, 39, 1, 1, 2, 1, 1, 1, 2, 2, 3, 2]
	J2-2_4: [1, 12, 11, 2, 2, 1, 11, 1, 1, 1, 1]
	J2-2_5: [6, 6, 8, 9, 5, 12, 7, 6, 10, 11, 1, 10, 6, 1, 7, 10, 5, 9, 1, 11, 1, 9, 10, 6, 1, 9, 1, 6, 2, 10, 7, 7, 1]
	J2-2_6: [1]
	J2-2_7: [3, 3, 2]
	J2-2_8: [1, 1, 1, 1, 1]
	J2-3_0: [1, 1, 2, 1, 1, 1, 1, 2, 1, 1, 1, 1]
	J2-3_1: []
	J2-3_2: [2, 1, 1, 1, 4, 1, 1, 1, 1, 1, 1, 1, 1, 1, 1, 1, 1, 2, 1, 1]
	J2-3_4: [1, 4, 1, 2, 1, 2, 1, 1]
	J2-3_5: [8, 1, 1, 1, 6, 6, 1, 10, 1, 1, 1, 8, 6, 1, 8]
	J2-3_6: [1]
	J2-3_7: [1, 1]
	J2-3_8: [3, 1, 1, 3, 2, 1, 1, 1, 1, 1, 1, 44, 1, 1, 2, 1, 5, 2, 39, 1, 1, 3, 1]
	J2-4_0: [1, 1, 1, 1, 1, 1, 1, 1, 1, 1, 1, 1, 1, 1, 1, 1, 1, 1, 1, 1, 1, 1, 1, 1, 1, 1, 1, 1, 1, 2, 1, 1, 1, 1, 1, 1, 1, 1, 1, 1, 1, 1, 1, 1, 1, 1, 1, 1, 1, 1, 1, 1, 1, 1, 1, 1, 1, 1, 1, 1, 1, 1, 1]
	J2-4_1: []
	J2-4_2: [1, 2, 2, 1, 2, 2, 3, 1, 3, 2, 2, 1]
	J2-4_3: [1, 1, 1]
	J2-4_5: [1, 11, 2, 1, 1, 10, 14, 11, 1, 11, 9, 11, 11, 8, 1, 10, 2, 10, 9, 13, 7, 11, 2, 9, 9, 10, 10]
	J2-4_6: [4, 11, 13, 1, 5, 13, 1, 4, 1, 5, 1, 12, 1, 16, 11, 10, 12, 6, 5, 12, 12, 16, 13, 4, 3, 1, 3, 11, 2, 2, 17, 12, 10, 11, 12, 13, 3, 1, 11, 2, 3, 11, 13, 13, 2, 11, 4, 11, 5, 13, 1, 18, 1, 11, 12]
	J2-4_7: [1, 1, 1, 1, 2, 2, 1, 2, 1, 2, 1, 1, 1, 1, 1, 1, 1, 1, 1, 2, 1, 1, 1, 1, 2, 1, 2, 1, 1, 1, 1, 1, 2, 2, 1, 1, 1, 1, 2, 1, 1, 1, 1, 1, 1, 1, 1, 2, 2, 1, 2, 1, 2, 1, 2, 1, 3, 1, 1, 2, 1, 1, 1, 1, 2, 1, 1, 1]
	J2-4_8: []
	J2-5_0: [1, 1, 1, 1, 1, 1]
	J2-5_1: []
	J2-5_2: [2, 1, 3, 2, 2, 2, 1, 1, 2, 1, 2, 1, 2, 1, 3, 1, 2, 1, 1, 2, 2, 1, 2, 1, 2, 2, 1, 1, 1, 1, 1, 3, 2, 1, 2]
	J2-5_3: [1, 1, 3, 1, 1, 2, 2, 19, 1]
	J2-5_4: [2, 1, 1, 2, 4, 12, 6, 6, 6, 9, 9, 2, 12, 1, 10, 9, 9, 1, 1, 8, 11, 5, 10, 13, 11, 10, 12, 1, 11]
	J2-5_6: []
	J2-5_7: [2, 2, 3, 1, 1]
	J2-5_8: []
	J2-6_0: [1, 1, 1, 1, 2, 1, 1, 1, 1, 1, 1, 1, 1, 1, 1, 1, 1, 1, 1, 1, 1, 1, 1, 1, 1, 1, 1, 1, 1, 1, 1, 2, 1, 1, 1, 1, 1, 1, 1, 1, 1, 1, 1, 1, 1, 2, 2]
	J2-6_1: []
	J2-6_2: []
	J2-6_3: []
	J2-6_4: [8, 1, 1, 11, 1, 2, 1, 4, 2, 1, 5, 2, 7, 1, 4, 11, 1, 1, 5, 1, 8, 1, 1, 2, 11, 10, 1, 6, 1, 6, 1, 1, 2, 1, 1, 5, 1, 6, 7, 1, 1, 1, 1, 1, 6, 1, 7, 9, 4, 1, 3, 11, 4, 2, 10]
	J2-6_5: []
	J2-6_7: [1, 2, 1, 1, 1, 1, 1, 1, 1, 1, 1, 1, 1, 1, 1, 2, 1, 2, 1, 1]
	J2-6_8: [1]
	J2-7_0: [1]
	J2-7_1: []
	J2-7_2: [2, 2]
	J2-7_3: [1]
	J2-7_4: [9, 4, 3, 1, 3, 1, 1, 1, 10, 2, 2, 13, 1, 3, 1, 2, 9, 1, 10, 10, 1, 1, 3, 8, 1, 2, 8, 5, 1, 2, 1, 9, 1, 1, 2, 12, 3, 2, 6, 1, 2, 1, 2, 4, 6, 10, 3, 3, 1, 2, 10, 2, 2, 1, 9, 1, 1, 3, 1, 2, 1, 4, 3, 3, 9, 1, 3, 9, 1, 2, 9, 1, 8, 1]
	J2-7_5: [1, 1, 1, 1, 1, 1]
	J2-7_6: [3, 1, 11, 17, 17, 9, 3, 2, 3, 1, 1, 1, 8, 17, 1, 21, 9, 1]
	J2-7_8: []
	J2-8_0: [1]
	J2-8_1: [2, 1, 1, 1, 2, 1, 1]
	J2-8_2: [1, 1, 1, 1, 1, 1, 1, 1, 1, 1, 1]
	J2-8_3: [1, 1, 1, 2, 2, 2, 1, 3, 1, 1, 1, 1, 7, 7, 7, 5, 2, 2, 1, 3, 3, 1, 3, 1, 1, 3, 21, 4, 1, 1, 1, 1, 2, 1, 2, 1, 1, 1, 1, 1]
	J2-8_4: []
	J2-8_5: [1]
	J2-8_6: [1]
	J2-8_7: []
Average trace length: 19