Initial state times:
	0: [1]
	1: [7, 1, 1, 2, 3, 1, 2, 2, 2, 2, 1, 1, 40, 1, 2, 1, 1]
	2: [1]
	3: [1, 2, 1, 2, 4, 3, 2, 28, 4, 4, 8, 3, 4, 3, 3, 3, 1, 3, 3, 2, 3, 4, 3, 3, 4, 3, 1]
	4: [1, 1, 9]
	5: [1]
Times of states:
	J2-0_1: []
	J2-0_2: [9, 2, 3, 3, 4, 8, 5, 1, 6, 8, 1, 8, 1, 10, 1, 2, 4, 1, 1, 2, 8, 1, 5, 8, 1, 8, 1, 8, 1, 2, 1, 3, 8, 1, 8, 5, 8, 1, 4, 7, 2, 4, 4, 4, 8, 2, 4, 8, 8, 2, 2, 4, 1, 3, 4, 8, 2, 4, 5, 4, 8, 1, 8, 1, 5, 5, 7, 1, 2, 3, 9, 1, 3, 8, 8, 1, 4, 5, 2, 8, 1, 2, 5, 1]
	J2-0_3: [1]
	J2-0_4: [12, 1, 12, 10, 9, 11, 1]
	J2-0_5: [17, 1, 1, 24, 10, 1, 17, 1, 18, 2, 8, 1, 1, 3, 16, 17, 2, 1, 3, 16, 2, 10]
	J2-1_0: []
	J2-1_2: []
	J2-1_3: [4, 4, 42, 3, 1, 2, 1, 5, 1, 2, 40, 4, 3, 1, 3, 5, 4, 5, 4, 26, 5, 1, 3, 4]
	J2-1_4: [2]
	J2-1_5: []
	J2-2_0: [1, 3, 1, 1, 2, 2, 2, 2, 2, 1, 2, 1, 2, 1, 1, 2, 1, 3, 1, 1, 2, 1, 2, 1, 2, 2, 1, 2, 1, 2, 1, 2, 2, 2, 1, 1, 1, 2, 2, 2, 2, 2, 3, 2, 2, 2, 1, 2, 2, 1, 2, 2, 1, 1, 2, 2, 2, 2, 2, 1, 2, 1, 2, 1, 2, 1, 2, 3, 2, 3, 1, 3, 2, 3, 2, 2, 1, 3, 2, 2, 2, 1, 1, 2, 1, 2]
	J2-2_1: []
	J2-2_3: [1]
	J2-2_4: [12, 11, 1, 10, 12, 1, 12, 1, 9, 3, 11, 8, 12, 12, 10, 1, 12, 1, 13, 7, 1, 1, 1, 11, 11, 11, 11, 9, 13, 1, 13, 10, 11, 1, 14, 14, 10, 2, 14, 1]
	J2-2_5: [18, 2, 1, 3, 12, 12, 11, 6, 13, 4, 16, 3, 1, 10, 1, 5, 17, 13, 12, 12, 2, 13, 4, 1, 1, 3, 17, 12, 1, 3, 1, 12, 5, 14, 3, 6, 5, 12, 13, 13, 1, 4, 13, 3, 5, 13, 11, 23, 12, 14, 3, 1, 12, 2, 2, 2, 14, 3, 12, 4, 13, 5, 13, 3, 14, 2, 13, 1, 12, 3, 17, 18, 4, 2, 2, 6, 13, 4, 14, 2, 1, 21, 12, 13, 14, 5, 12, 13, 11, 13, 18, 2, 13, 13, 1, 11, 1, 10, 1, 20, 4, 12, 14, 3, 1, 14, 12, 12, 2, 4, 13, 3, 11, 13, 5, 13, 3, 12]
	J2-3_0: [1, 3]
	J2-3_1: [1, 1, 43, 1, 1, 1, 1, 1, 1]
	J2-3_2: [1, 2, 1, 1, 1, 3, 1, 2, 1, 1, 1, 2, 2, 1, 1, 2, 2, 1, 1, 3, 2, 2, 1, 2, 1]
	J2-3_4: [9, 1, 2, 1, 1, 1, 1, 10, 1, 9, 1, 1, 1, 9, 1, 1, 10, 9, 1, 1, 8, 10, 1, 1, 1, 1, 1, 2, 1, 1, 1, 1, 1, 2, 10, 10, 1]
	J2-3_5: []
	J2-4_0: [2, 1, 2, 2, 2, 2, 2, 2, 2, 3, 3, 3]
	J2-4_1: []
	J2-4_2: [1, 6, 1, 2, 1, 1, 2, 4, 11, 4, 2, 1, 5, 2, 11, 1, 11, 2, 2, 6, 1, 11, 2, 2, 1, 2, 1, 3, 10, 1, 2, 1, 2, 14, 1, 1, 1, 1, 13, 2, 6, 1]
	J2-4_3: [3, 1, 1, 38, 1, 2, 2, 1, 1, 1, 1, 1, 1, 1, 1, 1, 1, 1, 20, 1, 1, 1]
	J2-4_5: [1]
	J2-5_0: [2, 1, 1, 1, 2, 1, 1, 1, 2, 1, 1, 2, 1, 1, 1, 2, 2, 1, 1, 1, 1, 1]
	J2-5_1: []
	J2-5_2: [1, 1, 1, 8, 4, 10, 7, 1, 1, 1, 1, 5, 7, 1, 1, 4, 12, 5, 1, 1, 1, 6, 4, 1, 8, 5, 1, 1, 5, 5, 1, 1, 1, 11, 4, 4, 13, 2, 1, 1, 1, 5, 9, 1, 1, 2, 6, 4, 1, 1, 1, 7, 1, 1, 2, 7, 1, 1, 2, 6, 4, 8, 1, 2, 1, 8, 1, 2, 6, 1, 7, 6, 1, 1, 1, 6, 5, 11, 1, 1, 6, 4, 12, 6, 7, 1, 11, 3, 6, 6, 1, 8, 2, 6, 6, 1, 1, 1, 9, 4, 6, 1, 1, 1, 13, 3, 1, 1, 13, 4]
	J2-5_3: []
	J2-5_4: [2, 1]
Average trace length: 14