Initial state times:
	0: [19, 19, 1, 20, 15, 15, 1, 19]
	1: [16, 21, 17, 2, 1, 7, 19, 6, 16, 16, 1]
	2: [19]
	3: [1, 2, 1]
Times of states:
	J2-0_1: [21]
	J2-0_2: [1, 21, 1, 1, 21, 1, 20, 1, 20, 1, 1, 2, 21, 1, 1, 1, 2, 21, 20, 1, 20, 1, 20, 1, 1]
	J2-0_3: [19, 1, 22, 1, 1, 80, 20, 1, 65, 80, 78, 1, 1, 88, 1, 2, 1, 1, 66, 21]
	J2-1_0: [1, 19, 45, 1, 1, 1, 1, 1, 23, 20]
	J2-1_2: [1, 1, 1, 1, 2, 2]
	J2-1_3: []
	J2-2_0: [2, 1, 21, 1, 1, 20, 1, 1, 21, 21, 1, 1, 21, 1, 1, 22, 21, 21, 23, 2, 1]
	J2-2_1: [20, 1, 1, 1]
	J2-2_3: [1, 1, 1, 3, 1, 1]
	J2-3_0: [2, 20, 20, 1, 20, 20, 21, 1, 21, 1, 20, 1, 21, 19, 4, 21, 21, 21, 21, 3, 22, 20, 21, 21, 20, 20, 1]
	J2-3_1: []
	J2-3_2: []
Average trace length: 6