Initial state times:
	0: [1, 2, 1, 1, 1, 1, 1, 2, 2, 7, 2, 2, 1, 1]
	1: [1]
	2: [3, 3, 1, 3, 5, 3, 1, 1, 3, 1, 3, 3, 1]
	3: [1]
	4: [1]
	5: [3, 1, 1, 3, 2, 1, 1, 2, 1, 1, 2, 4, 23, 1, 1, 1, 5, 3, 2, 2]
	6: [1]
Times of states:
	J2-0_1: []
	J2-0_2: [3, 1]
	J2-0_3: []
	J2-0_4: []
	J2-0_5: [1, 4, 1, 1, 44, 28, 2, 1, 2, 2, 42, 2, 3, 4, 2, 1, 3, 1, 3, 6, 1, 4]
	J2-0_6: []
	J2-1_0: []
	J2-1_2: [2, 1]
	J2-1_3: [9, 1, 1, 2, 1, 1, 1, 1, 12]
	J2-1_4: [4, 8, 1, 5, 2, 2, 5, 8, 9, 2, 2, 4, 8, 5, 8, 1, 4, 5, 1, 5, 8, 1, 4, 7, 1, 8, 1, 8, 1, 9, 1, 8, 1, 4, 8, 4, 8, 4, 8, 2, 8, 1, 8, 1, 2, 3, 1, 1, 1, 2, 8, 1, 7, 1, 4, 9, 1, 8, 2, 8, 1, 2, 1, 7, 1, 1, 3, 5, 5, 2, 5, 2, 4, 8, 1, 9, 1, 2, 2, 4, 8, 1, 9, 1, 5, 5, 4, 3, 8, 1]
	J2-1_5: []
	J2-1_6: [17, 2, 11, 10, 8, 2, 3, 11, 9, 1, 17, 1, 20, 2, 1, 1]
	J2-2_0: [1]
	J2-2_1: [2, 3, 3, 1, 2, 3]
	J2-2_3: [7, 1, 7, 1, 1, 8, 10, 7, 1, 1, 7, 11, 1, 1, 7, 11, 8, 11, 9, 11, 7, 1, 1, 6, 7, 1, 10, 12, 7, 9, 6, 1, 10, 8, 8, 12, 11, 7, 8, 8, 1]
	J2-2_4: [2, 1, 1, 1, 1, 2, 1, 1, 1, 1, 1, 1, 1, 1, 1, 2, 2, 3, 2, 2, 3, 1, 1, 2, 1, 3, 3, 1, 1, 1, 3]
	J2-2_5: [1, 1, 24, 1, 1, 2, 1, 2, 1, 1, 1, 1, 1, 7, 1, 5, 3]
	J2-2_6: [1, 1]
	J2-3_0: []
	J2-3_1: [2, 1, 1, 2, 2, 2, 2, 2]
	J2-3_2: [19, 1, 1, 2, 1, 1, 1, 1, 1, 1, 1, 1, 1, 1, 2, 1, 42, 1, 1, 2, 1, 1, 2, 1, 1, 1, 3, 1, 1]
	J2-3_4: [10, 1, 6, 1, 1, 1, 12, 11, 1, 10, 10, 11, 2, 1, 1, 10, 6, 1, 13, 1, 1, 9, 1, 1, 10, 1, 11, 2, 1, 13, 1, 11, 2, 2, 1, 1]
	J2-3_5: []
	J2-3_6: [1]
	J2-4_0: []
	J2-4_1: [2, 1, 2, 2, 2, 2, 2, 2, 1, 2, 1, 3, 1, 3, 2, 2, 2, 1, 2, 1, 1, 1, 2, 1, 2, 2, 2, 1, 2, 3, 2, 3, 2, 1, 2, 1, 2, 3, 1, 2, 2, 2, 1, 1, 2, 2, 1, 1, 2, 1, 3, 1, 3, 2, 1, 1, 1, 2, 2, 2, 1, 2, 2, 2, 1, 2, 1, 2, 2, 2, 2, 1, 1, 1, 2, 2, 2, 1, 1, 3, 2, 2, 1, 1, 2, 1, 1, 1, 2, 3, 1, 1, 2, 2]
	J2-4_2: [1, 1, 1, 1, 1, 1, 1, 1, 1, 1, 1, 1, 2, 1, 2, 3, 2, 3, 1]
	J2-4_3: [12, 11, 11, 14, 12, 8, 1, 1, 12, 12, 2, 1, 11, 13, 7, 14, 10, 1, 10, 1, 13, 9, 1, 11, 8, 11, 11, 8]
	J2-4_5: []
	J2-4_6: [13, 11, 5, 13, 4, 2, 3, 2, 14, 5, 12, 11, 3, 14, 2, 12, 6, 4, 13, 12, 13, 18, 2, 12, 2, 2, 2, 14, 3, 11, 13, 13, 14, 3, 12, 12, 12, 12, 12, 18, 13, 1, 11, 5, 13, 3, 13, 1, 2, 13, 4, 1, 1, 12, 12, 13, 3, 14, 2, 5, 11, 13, 2, 13, 3, 1, 21, 12, 12, 12, 11, 12, 11, 4, 13, 3, 1, 17, 1, 13, 12, 2, 4, 13, 3, 13, 10, 1, 12, 1, 14, 3, 12, 13, 1, 20, 11, 10, 3, 14, 2, 11, 12]
	J2-5_0: [1, 1, 1, 1, 1, 1, 1, 2, 1]
	J2-5_1: []
	J2-5_2: [1, 3, 2, 2, 1, 2, 2, 2, 1, 1, 2, 3, 2, 1, 3, 1, 1, 1, 1, 1, 2, 1, 3, 2, 2, 1, 1, 2, 3, 4, 4, 1, 1, 2, 2, 1, 2, 4, 1, 4, 3]
	J2-5_3: [1, 1, 9, 1]
	J2-5_4: [1]
	J2-5_6: []
	J2-6_0: []
	J2-6_1: [1, 2, 2, 1, 1, 2, 2, 1, 1, 1, 1, 1, 1, 1, 1]
	J2-6_2: [1]
	J2-6_3: []
	J2-6_4: [11, 8, 1, 1, 1, 1, 7, 1, 1, 6, 4, 11, 1, 1, 10, 1, 12, 1, 11, 5, 13, 4, 7, 1, 1, 1, 1, 5, 4, 4, 1, 1, 9, 4, 10, 12, 5, 1, 5, 6, 4, 1, 1, 12, 4, 1, 1, 1, 6, 5, 4, 7, 1, 1, 2, 2, 7, 5, 4, 1, 1, 8, 1, 6, 5, 12, 5, 13, 4, 9, 1, 1, 1, 1, 2, 4, 5, 6, 1, 1, 1, 5, 6, 3, 4, 5, 1, 1, 1, 8, 4, 8, 1, 1, 8, 13, 1, 1, 9, 5, 7]
	J2-6_5: []
Average trace length: 16