Initial state times:
	0: [3, 4, 1, 3, 25, 3, 1, 8, 1, 3, 3, 44, 44, 4, 4, 3, 1, 1, 3, 3, 2, 43, 3, 4, 1, 3, 1, 3, 1]
	1: [1]
	2: [1]
	3: [1, 2, 1, 3, 1, 40, 2, 1, 25, 2, 2, 2, 2, 2, 7, 2, 1]
Times of states:
	J2-0_1: [1, 1, 1, 28, 1, 1, 1]
	J2-0_2: [2, 1, 12, 1, 8, 2, 10, 2, 1, 1, 9, 1, 1, 1, 2, 1, 9, 2, 10, 2, 2, 2, 2, 2, 10, 1, 1, 2, 1, 1, 2, 1, 2, 1, 2, 1, 12, 1, 3, 10, 10, 1, 1, 1, 1, 1, 1, 11, 2, 3, 1, 1]
	J2-0_3: [1, 1, 1, 1, 1, 43, 1, 1, 1, 1, 1, 1, 1, 1]
	J2-1_0: [1, 1]
	J2-1_2: [1, 15, 1, 13, 1, 1, 14, 1, 2, 2, 12, 15, 9, 1, 15, 7, 15, 1, 13, 1, 10, 12, 8, 1, 14, 16, 12, 2, 15, 1, 13, 9, 2, 1, 1, 3, 2, 12, 1, 10, 12, 1, 3, 1, 2, 14, 11, 16, 1, 10, 1, 14, 8, 1, 1, 2, 13, 10, 13, 1, 2, 10, 10]
	J2-1_3: []
	J2-2_0: [1, 1, 1, 1, 2, 1, 1, 1, 1, 1, 1, 20, 1, 1, 1, 1, 2, 2]
	J2-2_1: [53, 51, 12, 13, 1, 50, 12, 2, 49, 52, 13, 30, 28, 13, 49, 29, 14, 13, 29, 53, 13, 28, 4, 13, 30, 13, 27, 12, 52, 28, 11, 49, 12, 27, 1, 12, 52, 2, 53, 50, 29, 2, 12, 1, 12, 2, 50, 51, 26, 1, 12, 12, 31, 12, 1, 2, 30, 31, 13, 50, 30, 1, 12, 11, 1, 31, 30, 2, 13, 51]
	J2-2_3: []
	J2-3_0: [42, 3, 2, 40, 4, 1, 26, 3, 1, 5, 4, 4, 6, 1, 29, 6, 3, 1, 2, 3, 39, 1, 3, 1, 2, 3, 5, 4, 4, 4]
	J2-3_1: []
	J2-3_2: []
Average trace length: 6