Initial state times:
	0: [1]
	1: [1, 2, 2, 4, 4, 2, 41, 4, 2, 1, 1, 2, 2, 2, 1, 25, 1, 3, 43, 3, 2, 5, 13, 2, 2, 3, 5, 1, 3, 1, 3, 1, 9, 2]
	2: [1, 3, 43, 9, 3, 3, 5, 3, 4, 4, 2, 13, 13]
Times of states:
	J2-0_1: [2]
	J2-0_2: [12, 12, 14, 2, 10, 1, 1, 13, 13, 3, 1, 11, 12, 11, 1, 10, 11, 1, 13, 11, 13, 1, 1, 13, 3, 12, 14, 1, 11, 14, 4, 1, 14, 13, 4, 10, 10, 13, 1, 11, 12, 13, 12, 1, 12]
	J2-1_0: [1, 1]
	J2-1_2: [4, 4, 2, 3, 29, 1, 12, 1, 4, 1, 14, 4, 13, 1, 1, 2, 4, 1, 1, 4, 1, 4, 2, 16, 2, 1, 11, 4, 1, 1, 12, 13, 5, 1, 1, 10, 1, 1, 21, 2, 1, 4, 9, 3, 4, 3, 1, 14, 4, 1, 13, 15]
	J2-2_0: [52, 50, 29, 13, 30, 13, 29, 2, 14, 1, 31, 1, 12, 13, 30, 1, 34, 13, 13, 13, 12, 1, 33, 31, 14, 27, 2, 12, 51, 50, 51, 52, 34, 14, 13, 54, 1, 1, 12, 51, 53, 13, 30, 13, 32, 54, 32, 1, 13, 13, 29, 29, 12, 31, 13, 50, 51, 34, 14, 14, 13, 1, 52, 53, 13, 30, 13, 13, 12, 2, 31, 14, 31]
	J2-2_1: [24, 1, 1, 1, 1, 1, 1, 44, 28, 1, 1, 1, 1, 1, 3, 1, 1, 1, 1]
Average trace length: 5