Initial state times:
	0: [1]
	1: [1, 1, 1, 1, 1, 1, 2, 3, 1, 1, 1, 1, 1, 3, 2, 2, 13, 4, 2, 1, 5, 1, 5, 2, 2, 3, 1, 4, 2, 1, 2, 3, 9]
	2: [3, 40, 13, 9, 13, 3, 22, 4, 1, 3, 5, 13, 11, 3, 6]
Times of states:
	J2-0_1: []
	J2-0_2: [3, 13, 9, 3, 12, 1, 10, 12, 10, 8, 13, 12, 1, 13, 1, 13, 12, 1, 14, 4, 13, 3, 14, 12, 1, 13, 13, 15, 1, 11, 12, 1, 13, 12, 1, 1, 10, 13, 12, 1, 15, 11, 1, 13, 15, 11, 12, 1]
	J2-1_0: []
	J2-1_2: [4, 1, 1, 2, 5, 1, 11, 5, 1, 1, 4, 1, 4, 3, 1, 2, 4, 1, 14, 4, 1, 11, 1, 41, 1, 1, 1, 1, 10, 1, 1, 12, 1, 13, 44, 1, 4, 1, 5, 13, 5, 4, 2, 4, 1, 1, 12, 3, 13, 4, 2, 21, 2, 1, 14, 1, 13]
	J2-2_0: [53, 52, 30, 12, 51, 14, 1, 32, 33, 12, 1, 30, 13, 52, 51, 53, 33, 13, 13, 13, 1, 30, 51, 14, 32, 1, 12, 14, 33, 1, 13, 29, 13, 30, 13, 32, 29, 13, 27, 2, 12, 32, 13, 54, 32, 1, 13, 13, 29, 51, 50, 52, 1, 30, 12, 50, 13, 30, 1, 12, 1, 33, 13, 14, 1, 51, 29, 14, 54, 1, 31, 13, 30, 15, 13, 12, 2, 31]
	J2-2_1: [1, 1, 2, 1, 1, 44, 1, 28, 1, 1, 1, 1, 1, 1, 1, 1, 1, 1, 1, 1, 1, 2, 1, 1, 1]
Average trace length: 5