Initial state times:
	0: [1]
	1: [1, 1, 2, 1, 3, 2, 2, 2, 2, 1, 2, 1, 2, 7, 1, 2, 1]
	2: [9, 9]
	3: [1]
	4: [3, 1, 1, 3, 4, 2, 1, 3, 4, 2, 1, 44, 3, 3, 4, 24, 3, 1, 28, 1, 1, 1, 1, 44, 3, 3, 3, 4]
Times of states:
	J2-0_1: []
	J2-0_2: [1, 10, 8, 2, 1, 13, 12, 11, 9, 11, 12, 11, 1, 10, 9, 1, 1, 11, 10, 1, 11, 10, 9, 12, 1, 10, 1, 10, 10, 10, 9, 2, 1, 11, 8, 13, 9, 10, 9, 13, 11, 1, 12, 1, 12, 13, 14, 13, 13, 10, 12, 13, 3, 14, 11, 11, 8, 13, 12, 1]
	J2-0_3: [12, 12, 25, 1, 22, 13, 25, 13, 6, 4, 13, 12, 24, 1, 1, 13, 10, 11, 25, 13, 23, 24, 23, 1, 13, 27, 1, 22, 12, 1, 23, 12, 13, 24, 11, 13, 13, 23, 1, 13, 24, 12, 2, 22, 6, 5, 24, 12, 1, 22, 13, 13, 1, 11, 1, 21, 1, 12, 13, 23, 13, 1, 12, 13, 11, 12, 13, 2, 23, 11, 14, 12, 11, 14, 12, 1, 13, 12, 13]
	J2-0_4: [1, 1]
	J2-1_0: []
	J2-1_2: [1, 2]
	J2-1_3: []
	J2-1_4: [1, 1, 4, 6, 3, 5, 1, 5, 5, 4, 2, 40, 4, 1, 2, 3, 1, 1, 4, 3, 1, 5, 1, 26, 39, 1, 3, 42, 3]
	J2-2_0: [8, 3, 7, 14, 5, 14, 11, 13, 13, 12, 11, 13, 1, 14, 13, 2, 1, 12, 13, 2, 14, 13, 6, 12, 1, 13, 1, 5, 2, 13, 14, 6, 14, 1, 13, 8, 7, 13, 13, 14, 12, 7, 14, 12, 7, 13, 10, 13, 10, 13, 6, 13, 13, 13, 11, 13, 11, 13, 7, 13, 12, 13, 7, 6]
	J2-2_1: []
	J2-2_3: [1, 1, 1, 1, 1]
	J2-2_4: [27, 1, 1, 2, 5, 1, 1, 1, 1, 1, 1, 2, 1, 1, 1, 1, 2, 7, 1, 4, 20, 1, 1, 1, 1]
	J2-3_0: [9, 13, 6, 1, 2, 7, 7, 3, 6, 12, 1, 8, 7, 7, 2, 5, 11, 9, 12, 7, 7, 8, 1, 8, 2, 3, 8, 8, 2, 6, 1, 9, 9, 1, 8, 13, 7, 6, 5, 6, 2, 7, 1, 2, 1, 11, 7, 7, 1, 13, 5, 11, 1, 1, 5, 7, 7, 2, 6, 11, 7, 9, 5, 3, 8, 10, 10, 8, 9, 12, 5, 11, 12]
	J2-3_1: []
	J2-3_2: [2, 1]
	J2-3_4: [1]
	J2-4_0: [1, 7, 3, 1, 1, 1, 8, 8, 2, 8, 1, 8, 1, 2, 9, 7, 2, 1]
	J2-4_1: [1, 2, 43, 1, 1, 1, 1, 1, 1, 2, 1, 1, 1, 1, 1]
	J2-4_2: [1, 1, 2, 1, 2, 1, 9, 1, 9, 10, 1, 8, 2, 1, 1, 8, 10, 1, 2, 3, 3, 1, 1, 1, 1, 1, 1, 1, 2, 2, 10, 2, 1, 10, 10, 10, 1, 10, 1, 1, 8, 2, 11]
	J2-4_3: [1, 1]
Average trace length: 9