Initial state times:
	0: [7, 2, 2, 1, 1, 1, 1, 3, 2, 2, 1, 2]
	1: [1]
	2: [1]
	3: [1, 2, 1, 3, 1, 4, 1, 3, 2, 2, 3, 3, 39, 3, 1, 43, 3, 3, 44, 4, 1, 1]
	4: [1]
	5: [1]
	6: [3, 4, 1, 3, 2, 1, 3, 3, 1, 1, 43, 3, 3]
	7: [1]
Times of states:
	J2-0_1: []
	J2-0_2: []
	J2-0_3: [2, 4, 39, 3, 4, 3, 1, 1, 2, 2, 1, 1, 40, 1, 6, 3, 1, 2, 3]
	J2-0_4: []
	J2-0_5: []
	J2-0_6: [1]
	J2-0_7: []
	J2-1_0: []
	J2-1_2: [13, 7, 14, 14, 2, 1, 12, 11, 8, 1, 1, 11, 8, 14, 13, 2, 10, 8, 1, 11, 12, 12, 1, 11, 10, 11, 12, 11, 9, 1, 14, 12, 12, 11, 9, 11]
	J2-1_3: []
	J2-1_4: [1, 1, 1, 1, 1, 1, 1, 1, 2, 1, 1, 1, 1, 1, 1, 1, 1, 1, 1, 1, 1, 1, 1, 1, 1, 1, 1, 1, 1, 1, 1, 1, 1, 1, 1, 1, 1, 1, 1, 1, 1, 1, 1, 1, 1, 1, 2, 1, 1, 1, 1, 1, 1, 1, 1, 1, 1, 1, 1, 1, 1, 1, 1, 1, 1, 1, 1, 1, 1, 1]
	J2-1_5: [1, 1, 1, 1, 1, 1, 2, 1, 1, 1, 2, 2, 2, 1, 2, 1, 1, 1, 2, 2, 1, 2, 1, 1, 1, 1, 1, 1, 1, 2, 1, 1, 1, 1, 2, 1, 1, 2, 1, 1, 1, 1, 1, 1, 2, 1, 1, 2, 1, 1, 1, 1, 1, 2, 1, 1, 1, 2, 1, 2, 1, 1, 1, 1, 1]
	J2-1_6: [1, 1, 1, 1, 1, 1]
	J2-1_7: [13, 5, 1, 1, 4, 1, 5, 19, 12, 12, 5, 16, 6, 5, 6, 10, 5, 13, 6, 4, 11, 13, 4, 11, 13, 12, 12, 19, 11, 13, 12, 3, 2, 1, 3, 1, 4, 10, 2, 12, 1, 11, 10, 18]
	J2-2_0: []
	J2-2_1: [6, 12, 2, 4, 7, 11, 1, 1, 5, 12, 2, 5, 10, 2, 2, 1, 1, 9, 10, 1, 10, 1, 10, 9, 1, 11, 10, 12, 6, 9, 1, 11, 10]
	J2-2_3: []
	J2-2_4: [1, 1, 1, 1]
	J2-2_5: [1, 1, 1, 2, 3, 1, 1]
	J2-2_6: [1, 2, 1, 1, 1, 19, 1, 1, 1, 1, 1, 1, 1, 1, 1, 1, 1, 1, 2, 1, 1, 1, 1, 1, 1, 1, 1, 1, 1]
	J2-2_7: [1, 1]
	J2-3_0: [1, 1, 1, 1, 2, 1]
	J2-3_1: [1]
	J2-3_2: [1, 9, 1]
	J2-3_4: [1]
	J2-3_5: []
	J2-3_6: [3, 4, 1, 4, 2, 1, 4, 1, 2, 2, 1, 1, 2, 1, 2, 1, 3, 1, 1, 1, 2, 2, 3, 1, 2, 1, 3, 3, 2, 1, 1, 3, 2, 4, 4, 2, 3, 2, 3, 2]
	J2-3_7: [1]
	J2-4_0: []
	J2-4_1: [1, 10, 1, 1, 2, 6, 11, 1, 9, 1, 9, 1, 5, 1, 3, 10, 10, 2, 6, 1, 1, 7, 9, 1, 3, 1, 3, 6, 9, 3, 5, 1, 10, 1, 2, 1, 4, 1, 9, 5, 9, 1, 3, 1, 5, 1, 4, 1, 3, 1, 1, 9, 3, 3, 9, 1, 5, 3, 1, 9, 3]
	J2-4_2: [1]
	J2-4_3: []
	J2-4_5: [1, 3, 2, 2, 2, 1, 2, 1]
	J2-4_6: [1, 1, 2, 2, 1, 1, 1, 3]
	J2-4_7: [13, 3, 18, 12, 13, 3, 17, 13, 14, 3, 14, 3, 4, 10, 13, 3, 13, 13, 4, 12, 18, 13, 13, 14, 5, 13, 12, 1, 12, 17, 20, 1, 14, 5, 13, 13, 2, 12, 17, 3, 10, 14, 13, 17, 13, 13, 3, 4, 13, 4, 1, 13, 5, 12]
	J2-5_0: []
	J2-5_1: [1, 2, 10, 2, 10, 2, 13, 3, 1, 3, 9, 1, 1, 2, 9, 1, 1, 1, 5, 1, 10, 3, 3, 9, 3, 9, 1, 3, 9, 3, 2, 10, 11, 1, 2, 3, 1, 4, 4, 1, 1, 2, 1, 9, 1, 10, 3, 6, 1, 3, 12, 3, 2, 1, 2, 10, 2, 1, 2, 10, 1, 1, 12, 3, 1, 1, 1, 2, 3, 1, 12, 1, 2]
	J2-5_2: [1, 1, 1]
	J2-5_3: []
	J2-5_4: [1]
	J2-5_6: [1, 1]
	J2-5_7: [2, 2, 1, 1, 1, 3, 3, 22, 11, 1, 2, 3, 21, 17, 1, 17, 10, 17, 9]
	J2-6_0: [1, 1]
	J2-6_1: [1, 2, 1, 2, 2, 2, 1, 2, 1, 4, 1, 1, 3, 1, 1, 13, 1, 1]
	J2-6_2: [1, 7, 9, 9, 1, 8, 11, 7, 1, 8, 1, 7, 7, 11, 7, 1, 1, 7, 7, 1, 1, 7, 1, 1, 8, 10, 6, 1, 9, 1, 8, 10, 8, 9, 11, 1, 9, 1]
	J2-6_3: [2, 1, 1, 26, 1, 1, 1, 1, 3, 25, 1]
	J2-6_4: [1, 1, 1, 1, 1, 1, 2, 1, 1, 1, 1, 1, 2, 1, 1, 2]
	J2-6_5: [1, 3, 1, 3, 1]
	J2-6_7: [1]
	J2-7_0: []
	J2-7_1: [1, 4, 1, 1, 1, 1, 1, 1, 6, 1, 1, 1, 13, 8, 1, 1, 1, 4, 4, 5, 1, 1, 1, 4, 8, 1, 6, 1, 11, 1, 2, 3, 9, 1, 2, 4, 2, 2, 1, 6, 1, 1, 1, 5, 2, 1, 1, 4, 1]
	J2-7_2: []
	J2-7_3: [1]
	J2-7_4: [1, 1, 1, 1, 1, 1, 1, 1, 1, 2, 1, 1, 1, 1, 1, 1, 1, 1, 1, 2, 1, 1, 1, 1, 1, 2, 1, 1, 2, 1, 1, 1, 1, 1, 1, 1, 1, 1, 1, 1, 1, 1, 1, 1, 1, 1, 1, 1, 1, 1, 1]
	J2-7_5: [1, 1, 2, 1, 1, 1, 1, 2, 1, 1, 1, 1, 1, 1, 1, 1, 1]
	J2-7_6: []
Average trace length: 17