Initial state times:
	0: [6, 1]
	1: [1, 2, 1, 40, 2, 2, 2, 2, 2, 1, 1, 1, 7, 2, 2]
	2: [9, 9]
	3: [1]
	4: [4, 1, 3, 2, 1, 1, 3, 8, 1, 1, 1, 3, 2, 24, 3, 44, 44, 2, 4, 46, 1, 1, 2, 43, 4, 3, 3, 4, 3]
Times of states:
	J2-0_1: []
	J2-0_2: [13, 1, 10, 9, 1, 1, 10, 8, 12, 10, 12, 13, 11, 1, 11, 9, 1, 13, 13, 9, 13, 10, 1, 10, 10, 1, 15, 11, 9, 11, 11, 1, 1, 10, 12, 1, 11, 1, 10, 13, 1, 1, 12, 14, 1, 9, 2, 1, 1, 11, 10, 12, 1, 2, 12]
	J2-0_3: [23, 1, 13, 6, 4, 23, 14, 27, 1, 22, 13, 13, 23, 12, 12, 13, 13, 11, 1, 12, 13, 13, 23, 1, 13, 23, 12, 13, 23, 25, 12, 25, 24, 14, 11, 13, 23, 13, 12, 13, 1, 24, 2, 24, 12, 12, 11, 13, 1, 23, 10, 12, 1, 13, 2, 12, 13, 11, 13, 13, 23, 22, 1, 11, 1, 14, 12, 22, 2, 11, 20, 5, 23, 1, 25, 12, 25, 12, 2, 22, 23, 1, 13, 12, 24, 1]
	J2-0_4: [1, 1]
	J2-1_0: []
	J2-1_2: []
	J2-1_3: []
	J2-1_4: [1, 1, 3, 1, 4, 1, 3, 5, 6, 5, 1, 4, 42, 3, 4, 3, 3, 3, 4, 39, 1, 3, 2, 40, 4]
	J2-2_0: [1, 16, 3, 14, 8, 3, 13, 10, 7, 13, 13, 11, 12, 7, 13, 1, 3, 1, 14, 5, 1, 13, 13, 7, 5, 2, 13, 7, 12, 13, 14, 3, 13, 3, 7, 1, 13, 11, 6, 13, 12, 12, 1, 13, 13, 10, 6, 9, 14, 12, 13, 6, 4, 2, 14, 1, 6, 2, 1, 12, 12, 2, 4, 7, 13, 7, 6, 2]
	J2-2_1: []
	J2-2_3: [1, 1, 1, 1]
	J2-2_4: [1, 1, 27, 1, 1, 5, 1, 1, 2, 7, 20, 1, 38, 1, 1, 4, 1, 1, 1, 1, 2]
	J2-3_0: [1, 5, 6, 12, 1, 8, 6, 7, 8, 2, 7, 7, 7, 9, 13, 13, 8, 11, 6, 11, 7, 7, 2, 5, 11, 9, 6, 7, 7, 3, 7, 10, 9, 9, 6, 8, 10, 5, 1, 6, 5, 9, 10, 12, 7, 5, 1, 2, 9, 6, 1, 5, 12, 11, 7, 3, 6, 1, 6, 5, 12, 6, 2, 5, 1, 8, 1, 6, 1, 7, 1, 2, 2, 3, 8, 7, 2]
	J2-3_1: []
	J2-3_2: [1, 2, 2]
	J2-3_4: [1]
	J2-4_0: [1, 1, 1, 8, 2, 8, 9, 4, 1, 1, 7]
	J2-4_1: [1, 1, 1, 1, 1, 1, 1, 1, 1, 1]
	J2-4_2: [2, 2, 2, 1, 1, 1, 1, 1, 10, 2, 9, 2, 1, 2, 1, 1, 1, 1, 1, 2, 3, 2, 1, 1, 2, 1, 1, 1, 10, 1, 1, 9, 10, 10, 1, 10, 10, 1, 1, 2, 1, 1, 9, 1, 10, 2, 11, 1, 2]
	J2-4_3: [1]
Average trace length: 9