Initial state times:
	0: [19, 3, 2, 5, 4, 5, 20, 1, 19]
	1: [6, 16, 16, 19, 1, 16]
	2: [1, 3, 1, 1]
	3: [1, 2, 2, 1, 2, 2, 7, 1, 9, 1]
Times of states:
	J2-0_1: [21, 23, 63, 47, 86, 42, 1]
	J2-0_2: [20, 1, 20, 1, 1, 1, 7, 2, 8, 2, 1, 1, 2, 1, 9, 2, 8, 1, 9, 1, 1, 8, 8, 20, 1, 20, 1, 21, 1, 21, 1]
	J2-0_3: [20, 63, 1, 51, 47, 43, 46, 1, 65, 2, 42, 44, 48, 20, 1, 1, 1, 22]
	J2-1_0: [1, 1, 2, 1, 1, 1, 1]
	J2-1_2: [1, 10, 9, 12, 1, 9, 10, 11, 9, 6, 8, 1, 2, 7, 7, 9, 2, 7, 11, 11, 1, 1, 1, 1, 1, 1, 1, 10, 10, 11, 1, 11, 7, 9, 2, 1]
	J2-1_3: []
	J2-2_0: [21, 22, 22, 1, 3, 1, 5, 2, 5, 6, 1, 4, 1, 3, 6, 21, 23, 21, 22, 1, 1, 21, 1]
	J2-2_1: [2, 11, 12, 23, 2, 10, 12, 25, 44, 49, 12, 12, 1, 45, 3, 11, 11, 27, 1, 11, 11, 1, 23, 42, 44, 1, 10, 11, 25, 24, 19, 11, 11, 26]
	J2-2_3: [1, 1]
	J2-3_0: [21, 1, 20, 4, 6, 2, 1, 2, 5, 3, 7, 20, 1, 4, 1, 4, 3, 1, 4, 2, 6, 6, 21, 1, 22, 20, 21, 20, 1]
	J2-3_1: []
	J2-3_2: []
Average trace length: 7