Initial state times:
	0: [8]
	1: [1, 2]
	2: [19, 15, 2, 3, 19, 1, 18]
	3: [1]
	4: [20, 19, 15, 15, 1, 14]
	5: [1, 2, 16]
	6: [4, 2, 3, 3]
Times of states:
	J2-0_1: []
	J2-0_2: []
	J2-0_3: []
	J2-0_4: []
	J2-0_5: [20, 1, 2, 2, 7, 21, 3, 20, 21, 1, 1, 1, 21, 22, 21, 1, 20, 20, 1, 21, 1, 1, 2, 1, 4, 1, 20, 1, 1, 1, 1, 19, 1, 21, 1, 2, 20]
	J2-0_6: []
	J2-1_0: []
	J2-1_2: [2, 1, 21, 1, 22, 2, 21, 1, 21]
	J2-1_3: [1, 1]
	J2-1_4: [3, 7, 8, 6, 1, 20]
	J2-1_5: [1, 2, 1, 2]
	J2-1_6: [8, 1, 1, 1]
	J2-2_0: [1, 1, 1, 1, 2, 1, 21, 1]
	J2-2_1: [2, 2, 1, 1, 1]
	J2-2_3: [6, 4, 2, 5, 1, 1, 1, 1, 1, 1, 1, 1, 1, 1, 1, 1, 1]
	J2-2_4: [1, 19, 19, 1, 1, 1]
	J2-2_5: [1, 4, 1, 16, 22, 1, 23, 1, 17, 1, 1, 22, 21, 22, 23]
	J2-2_6: []
	J2-3_0: []
	J2-3_1: [1]
	J2-3_2: [2, 1, 1, 1, 1, 1, 1, 1, 1, 1, 1, 1]
	J2-3_4: [1, 5, 1]
	J2-3_5: [1, 1, 1, 1, 23, 1]
	J2-3_6: []
	J2-4_0: [2]
	J2-4_1: [1, 2, 2, 1, 1, 1, 1, 2, 1, 1, 1, 1, 1]
	J2-4_2: [1, 19]
	J2-4_3: [1, 6]
	J2-4_5: [1, 1, 20, 1, 1]
	J2-4_6: [1, 1, 11, 2]
	J2-5_0: [1, 1, 1, 42, 1, 82, 1, 20, 1, 18, 1, 20, 77, 1, 20, 20, 63, 21, 56, 21, 1, 18, 2, 18, 60, 20, 67, 1, 91]
	J2-5_1: []
	J2-5_2: [20, 20, 2, 20, 1, 19, 2, 19, 20, 22, 1, 20, 1, 2, 21, 1, 20, 1, 19, 19, 1]
	J2-5_3: [1]
	J2-5_4: [2]
	J2-5_6: []
	J2-6_0: []
	J2-6_1: [1, 1, 2, 2]
	J2-6_2: [20]
	J2-6_3: []
	J2-6_4: [4, 23, 3, 4, 1, 3]
	J2-6_5: [1]
Average trace length: 10