Initial state times:
	0: [19, 16, 16, 16, 1, 15, 16, 2]
	1: [1, 2]
	2: [19, 1, 19]
	3: [5, 6, 3]
	4: [19, 20, 21, 19, 15, 1, 20]
Times of states:
	J2-0_1: []
	J2-0_2: [2, 1, 1]
	J2-0_3: [1, 1]
	J2-0_4: [1, 22, 1, 22, 2, 2, 22, 1, 21, 1, 2, 20, 21, 22, 21, 1, 45]
	J2-1_0: []
	J2-1_2: []
	J2-1_3: []
	J2-1_4: [2, 22, 21, 1, 21, 21, 21, 20, 20, 21, 3, 20, 1, 20, 1, 21, 1, 21, 21, 20, 21, 20, 1, 19, 4, 21, 1]
	J2-2_0: [1, 1, 1, 1, 1, 1, 1, 1, 1]
	J2-2_1: [1, 1, 1, 3]
	J2-2_3: [1]
	J2-2_4: [2, 22, 22, 1, 1, 23, 1, 1, 1, 1, 20, 1, 2, 1, 1, 1, 21, 1]
	J2-3_0: [1, 23, 4]
	J2-3_1: []
	J2-3_2: []
	J2-3_4: [1, 1, 19]
	J2-4_0: [20, 20, 1]
	J2-4_1: [19, 1, 20, 63, 1, 85, 1, 2, 77, 66, 1, 88, 1, 65, 1, 21, 1, 20, 80, 1, 83, 1, 1, 22, 78, 2, 61, 1]
	J2-4_2: [1, 20, 20, 1, 20, 1, 20, 19, 1, 1, 20, 1, 19, 1, 1, 1, 1, 1, 2, 1, 1, 20, 1, 21, 1, 1]
	J2-4_3: []
Average trace length: 7