Initial state times:
	0: [19, 3, 3, 2, 1, 2, 2, 3, 5, 4, 5]
	1: [39, 65]
	2: [1, 3, 1, 1, 1]
	3: [1, 1, 2, 2, 7, 1, 9, 3, 8, 2, 5, 2, 3, 2, 1, 2, 2]
Times of states:
	J2-0_1: [47, 86, 42, 1, 23, 1, 24, 64, 69, 1, 63]
	J2-0_2: [1, 2, 8, 9, 1, 1, 8, 8, 1, 7, 1, 2, 1, 1, 2, 1, 8, 9, 1, 7, 1, 1, 1, 1, 1, 1, 2, 2, 1, 7, 8, 2, 8, 9, 9, 2, 1, 2, 1, 1, 2, 1, 9]
	J2-0_3: [19, 46, 2, 42, 44, 48, 51, 40, 38, 52, 1, 44, 46, 1, 1, 35, 38, 1, 43, 47, 3, 43, 3, 1, 41, 43]
	J2-1_0: [1, 21, 2, 1, 1]
	J2-1_2: [2, 7, 7, 9, 2, 7, 11, 11, 1, 1, 1, 1, 1, 1, 1, 10, 10, 11, 1, 11, 7, 9, 1, 10, 9, 12, 1, 1, 1, 2, 11, 7, 10, 2, 1, 10, 9, 11, 1, 10, 7, 9, 1, 1, 1, 2, 1, 12, 5, 1, 1, 1, 1, 9, 10, 11, 1, 9, 8, 9, 2, 2, 8, 9, 9, 1, 2, 9, 6, 8, 1]
	J2-1_3: []
	J2-2_0: [2, 6, 4, 1, 3, 6, 3, 1, 21, 1, 2, 4, 1, 2, 5, 6, 21, 1, 1, 5, 1, 1, 5, 2, 5, 2, 5]
	J2-2_1: [45, 3, 11, 11, 27, 1, 11, 11, 1, 23, 42, 44, 1, 10, 11, 25, 24, 19, 11, 11, 26, 2, 11, 12, 4, 43, 42, 23, 13, 11, 1, 21, 11, 11, 1, 23, 24, 11, 12, 1, 24, 44, 64, 43, 46, 12, 10, 1, 1, 23, 2, 10, 12, 25, 1, 12, 12, 1, 1, 10, 12, 86, 41, 44, 44, 49, 12, 12, 1]
	J2-2_3: [46, 1]
	J2-3_0: [2, 20, 3, 7, 4, 1, 4, 3, 1, 4, 2, 6, 6, 4, 2, 1, 4, 3, 2, 4, 20, 5, 1, 3, 20, 4, 1, 5, 2, 2, 4, 6, 6, 1, 1, 2, 1, 5, 3, 2, 2, 1, 2, 5]
	J2-3_1: []
	J2-3_2: []
Average trace length: 9