Initial state times:
	0: [1]
	1: [1, 1, 2, 2, 2, 2, 7, 40, 2, 2, 1, 3, 1, 1, 1, 7]
	2: [1]
	3: [44, 3, 2, 4, 3, 1, 24, 1, 3, 3, 4, 4, 43, 1, 1, 1, 1, 3, 3, 1, 28, 3, 46, 3, 4, 3, 3, 8, 4]
	4: [9, 1]
	5: [1]
Times of states:
	J2-0_1: []
	J2-0_2: [4, 8, 1, 4, 8, 1, 5, 4, 8, 8, 1, 4, 3, 8, 1, 5, 1, 4, 8, 2, 1, 7, 1, 8, 1, 3, 1, 1, 5, 11, 12, 4, 1, 1, 2, 3, 9, 1, 2, 4, 7, 2, 5, 8, 1, 9, 2, 3, 7, 1, 4, 2, 7, 8, 1, 5, 5, 1, 3, 8, 1, 5, 2, 8, 1, 2, 8, 3, 2, 3, 2, 8, 4, 8, 1, 8, 1, 8, 8, 1, 4, 8, 1, 4, 7, 1, 5, 5, 8, 1, 4, 8, 1, 8, 1, 2, 8, 1]
	J2-0_3: []
	J2-0_4: [9, 12, 14, 1, 10, 1, 12]
	J2-0_5: [1, 10, 11, 1, 10, 2, 21, 21, 8, 3, 17, 3, 1, 16, 3, 1, 24]
	J2-1_0: []
	J2-1_2: []
	J2-1_3: [1, 4, 1, 2, 3, 2, 40, 4, 1, 2, 3, 4, 3, 1, 5, 1, 4, 3, 1, 4, 1, 26, 3, 1, 5, 4, 1, 1, 2, 42, 3, 4]
	J2-1_4: []
	J2-1_5: []
	J2-2_0: [2, 1, 2, 1, 2, 2, 2, 2, 2, 1, 2, 1, 2, 2, 2, 1, 2, 2, 2, 1, 2, 1, 2, 1, 2, 2, 1, 1, 2, 1, 1, 2, 3, 2, 2, 1, 2, 2, 1, 2, 1, 3, 1, 3, 2, 1, 1, 2, 1, 2, 2, 1, 1, 2, 2, 1, 1, 2, 2, 2, 2, 1, 2, 3, 1, 1, 2, 2, 2, 3, 3, 1, 2, 1, 2, 1, 2, 2, 2, 1, 2, 2, 3, 1, 3, 1, 1, 2, 2, 1, 2]
	J2-2_1: []
	J2-2_3: [1]
	J2-2_4: [1, 13, 11, 13, 10, 12, 9, 3, 11, 8, 1, 13, 7, 13, 9, 13, 10, 1, 14, 11, 8, 9, 10, 9, 10, 2, 14, 1, 1, 1, 1, 1, 1, 11, 13, 1, 12, 11, 1, 10, 12, 11, 9, 12, 1, 12, 1, 12, 12]
	J2-2_5: [12, 13, 11, 23, 12, 5, 14, 3, 12, 12, 13, 1, 2, 13, 4, 13, 1, 13, 1, 10, 12, 3, 17, 2, 13, 4, 1, 1, 14, 3, 1, 1, 13, 2, 11, 2, 2, 2, 14, 3, 6, 5, 18, 2, 13, 13, 6, 4, 1, 14, 3, 1, 11, 5, 13, 3, 11, 6, 13, 4, 13, 11, 13, 5, 13, 3, 11, 1, 3, 1, 12, 17, 1, 14, 13, 1, 3, 14, 2, 4, 12, 18, 13, 3, 14, 2, 13, 13, 1, 4, 13, 3, 13, 4, 14, 2, 12, 13, 11, 1, 10, 13, 12, 12, 1, 5, 17, 13, 12]
	J2-3_0: [3, 1]
	J2-3_1: [1, 1, 1, 1, 1, 2, 1, 1, 2, 1, 1, 1, 1, 43, 1, 1, 1]
	J2-3_2: [3, 2, 2, 3, 2, 2, 1, 1, 1, 1, 1, 2, 1, 3, 2, 1]
	J2-3_4: [2, 1, 2, 1, 1, 1, 9, 2, 1, 1, 1, 1, 1, 1, 2, 2, 2, 1, 1, 1, 1, 9, 8, 2, 1, 1, 1, 1, 10, 1, 1, 8, 2, 1, 1, 10, 10, 1, 8, 10, 1, 1, 10, 1, 10, 9, 10]
	J2-3_5: []
	J2-4_0: [2, 3, 2, 1, 3, 2, 3, 3, 2, 2, 1, 2, 2, 2, 2]
	J2-4_1: []
	J2-4_2: [1, 1, 1, 1, 2, 1, 5, 1, 1, 1, 2, 2, 14, 1, 1, 2, 1, 2, 1, 6, 1, 13, 2, 3, 2, 2, 6, 1, 10, 3, 2, 1, 2, 10, 1, 10, 2, 6, 1, 1, 11, 2, 1, 11, 2, 4, 1, 11, 11]
	J2-4_3: [20, 1, 38, 1, 1, 1, 1, 1, 1, 2, 7, 1, 1, 3, 2, 1, 1, 1, 1, 1, 1, 4, 1, 5, 1, 2]
	J2-4_5: [1, 1]
	J2-5_0: [1, 1, 1, 1, 1, 1, 1, 1, 2, 2, 2, 1, 1, 1, 1, 1, 1, 1, 2, 1, 2, 2]
	J2-5_1: []
	J2-5_2: [10, 11, 9, 10, 1, 1, 7, 13, 4, 6, 4, 1, 1, 7, 3, 12, 4, 8, 1, 2, 1, 1, 1, 6, 4, 1, 1, 1, 2, 3, 5, 2, 5, 1, 1, 1, 1, 11, 1, 5, 12, 1, 5, 1, 1, 1, 8, 1, 1, 7, 1, 1, 13, 13, 3, 1, 1, 5, 1, 1, 5, 5, 1, 2, 4, 3, 5, 1, 1, 1, 2, 2, 6, 6, 1, 8, 7, 1, 1, 2, 4, 4, 2, 1, 1, 7, 6, 1, 1, 11, 6, 6, 12, 5, 1, 1, 4, 4]
	J2-5_3: []
	J2-5_4: []
Average trace length: 15