Initial state times:
	0: [8, 1]
	1: [1, 1, 2]
	2: [19, 16, 20, 2, 1, 2, 18, 19]
	3: [1]
	4: [14, 15, 19, 15, 15]
	5: [22, 16, 2]
	6: [3, 3]
Times of states:
	J2-0_1: []
	J2-0_2: []
	J2-0_3: []
	J2-0_4: []
	J2-0_5: [20, 1, 21, 1, 2, 2, 7, 21, 3, 1, 1, 21, 1, 21, 21, 1, 21, 1, 1, 22, 20, 21, 1, 2, 20, 19, 1, 1, 1, 1, 2, 21, 20, 20, 1, 4, 19, 2, 20]
	J2-0_6: []
	J2-1_0: []
	J2-1_2: [22, 2, 1, 2, 21, 21, 1, 21]
	J2-1_3: [1, 1]
	J2-1_4: [20, 3, 7, 8, 6, 1, 1]
	J2-1_5: [2, 1, 2, 1]
	J2-1_6: [1, 8, 1]
	J2-2_0: [2, 1, 1, 1, 1, 1, 21, 2, 1, 66]
	J2-2_1: [1, 1, 2, 2, 1, 1]
	J2-2_3: [1, 1, 6, 4, 2, 5, 1, 1, 1, 1, 1, 1, 1, 1, 1, 1, 1, 1]
	J2-2_4: [1, 1, 1, 19]
	J2-2_5: [1, 17, 4, 1, 1, 18, 1, 11, 1, 3, 16, 1, 22, 1, 21, 22]
	J2-2_6: []
	J2-3_0: [1, 1]
	J2-3_1: [1]
	J2-3_2: [1, 2, 1, 1, 1, 1, 1, 1, 1, 1, 1]
	J2-3_4: [1, 5, 1]
	J2-3_5: [23, 1, 2, 2, 1, 1, 1]
	J2-3_6: []
	J2-4_0: [2]
	J2-4_1: [1, 1, 2, 2, 1, 1, 1, 1, 1, 1, 1]
	J2-4_2: [1, 19, 1]
	J2-4_3: [1, 6]
	J2-4_5: [1, 20, 1]
	J2-4_6: [2, 1, 1, 11]
	J2-5_0: [62, 77, 20, 1, 42, 1, 82, 18, 20, 59, 85, 1, 20, 1, 18, 1, 20, 67, 1, 60, 1, 18, 20, 63, 57, 1, 91, 21, 56, 1]
	J2-5_1: []
	J2-5_2: [1, 2, 19, 21, 2, 20, 1, 20, 1, 1, 19, 19, 2, 1, 1, 19, 1, 1, 21, 20, 22, 1, 1, 1]
	J2-5_3: [1, 1]
	J2-5_4: [2]
	J2-5_6: []
	J2-6_0: []
	J2-6_1: [2, 1, 1]
	J2-6_2: [20]
	J2-6_3: []
	J2-6_4: [1, 4, 23, 3, 3]
	J2-6_5: []
Average trace length: 11