Initial state times:
	0: [2, 1, 2, 7, 1, 25, 1, 1, 2, 2, 7]
	1: [1]
	2: [1]
	3: [3, 1, 4, 1, 44, 1, 1, 1, 3, 3, 4, 1, 1, 1, 2, 39, 1, 2, 3, 23, 1, 3, 2, 1, 1, 3]
	4: [1]
	5: [1]
	6: [1, 1, 1, 1, 3, 2, 3, 3, 3, 2]
	7: [1]
Times of states:
	J2-0_1: []
	J2-0_2: []
	J2-0_3: [3, 3, 2, 2, 2, 2, 4, 28, 2, 3, 1, 3, 1, 39, 3, 6, 1, 3, 1]
	J2-0_4: []
	J2-0_5: []
	J2-0_6: []
	J2-0_7: []
	J2-1_0: []
	J2-1_2: [12, 11, 8, 11, 9, 12, 13, 12, 1, 1, 11, 8, 14, 11, 1, 2, 1, 10, 1, 1, 1, 10, 2, 10, 8, 10, 1, 1, 11, 13, 11, 9, 12, 2, 9, 9, 12]
	J2-1_3: []
	J2-1_4: [1, 1, 1, 1, 1, 1, 1, 1, 1, 1, 1, 1, 1, 1, 1, 1, 1, 1, 1, 1, 1, 1, 1, 1, 1, 1, 1, 1, 1, 1, 1, 1, 1, 1, 1, 1, 1, 1, 1, 1, 1, 1, 1, 1, 1, 1, 1, 1, 1, 1, 1, 1, 1, 1, 2, 1, 1, 1, 1, 1, 1]
	J2-1_5: [1, 1, 1, 2, 1, 2, 1, 1, 1, 2, 2, 2, 1, 1, 2, 1, 1, 1, 1, 1, 1, 1, 1, 1, 1, 1, 2, 1, 1, 2, 2, 1, 1, 1, 2, 1, 2, 1, 1, 1, 1, 1, 1, 1, 2, 1, 1, 1, 1, 1, 1, 1, 1, 1, 1, 1, 1, 1, 1, 2, 2, 1, 2, 1, 1, 2, 1]
	J2-1_6: [1, 1, 1, 1, 1, 2, 1, 2]
	J2-1_7: [14, 12, 6, 12, 1, 3, 18, 2, 11, 5, 12, 13, 5, 10, 5, 5, 3, 11, 14, 3, 1, 5, 13, 2, 3, 6, 4, 19, 2, 11, 10, 1, 12, 1, 4, 11, 4, 1, 16, 12, 11, 13]
	J2-2_0: []
	J2-2_1: [1, 11, 10, 10, 11, 10, 10, 11, 1, 1, 5, 2, 6, 9, 12, 2, 4, 11, 10, 1, 1, 9, 11, 1, 5, 2, 2, 1, 1, 2, 1, 1, 7, 13, 9, 9, 1, 8, 1, 2]
	J2-2_3: []
	J2-2_4: [1, 1, 1]
	J2-2_5: [3, 1, 2, 1, 1, 1, 1, 2]
	J2-2_6: [1, 1, 1, 1, 1, 1, 1, 1, 1, 1, 2, 1, 1, 1, 1, 1, 1, 3, 1, 1, 1, 1, 2, 42]
	J2-2_7: [1, 1, 1]
	J2-3_0: [1, 1, 1, 1, 1, 2, 1]
	J2-3_1: []
	J2-3_2: [9, 1]
	J2-3_4: [1]
	J2-3_5: []
	J2-3_6: [2, 2, 4, 4, 2, 2, 3, 1, 3, 1, 3, 1, 1, 3, 1, 1, 3, 2, 1, 1, 2, 2, 4, 3, 3, 4, 3, 1, 1, 1, 2, 2, 3, 1, 1, 1, 1, 2, 4, 1, 2, 1, 1, 1, 2, 2, 1, 3, 2, 1, 3]
	J2-3_7: [1]
	J2-4_0: []
	J2-4_1: [9, 1, 3, 1, 9, 4, 3, 1, 6, 1, 6, 9, 3, 10, 2, 6, 1, 2, 6, 2, 1, 3, 1, 12, 6, 1, 7, 1, 9, 3, 2, 12, 9, 1, 3, 11, 9, 1, 3, 3, 1, 2, 6, 1, 5, 8, 3, 1, 1, 1, 1, 3]
	J2-4_2: [10, 1]
	J2-4_3: []
	J2-4_5: [1, 1, 2, 2, 3, 1, 1]
	J2-4_6: [3, 1, 1, 1, 2]
	J2-4_7: [2, 17, 13, 13, 17, 5, 12, 4, 13, 13, 3, 1, 13, 13, 14, 3, 13, 13, 4, 13, 3, 13, 17, 18, 17, 17, 1, 13, 6, 13, 17, 13, 12, 12, 13, 20, 18, 14, 5, 13, 13, 13, 4, 4, 1, 12, 13, 3, 12, 17, 4, 10, 13]
	J2-5_0: []
	J2-5_1: [3, 4, 7, 1, 2, 1, 2, 9, 1, 2, 1, 2, 12, 10, 3, 1, 3, 9, 11, 1, 2, 1, 3, 8, 1, 3, 10, 2, 3, 2, 9, 1, 1, 12, 3, 2, 9, 1, 9, 1, 1, 3, 10, 3, 3, 1, 9, 3, 2, 1, 1, 6, 10, 1, 1, 1, 1, 9, 1, 3, 10, 3, 4, 3, 9, 1, 1, 2, 8, 3, 1]
	J2-5_2: [1, 11, 1, 1]
	J2-5_3: []
	J2-5_4: [1]
	J2-5_6: [1, 1, 2]
	J2-5_7: [8, 1, 1, 17, 11, 1, 1, 3, 3, 22, 10, 3, 3, 3, 17, 9, 1, 9, 1, 1, 1, 1, 21]
	J2-6_0: [1]
	J2-6_1: [4, 2, 2, 1, 1, 1, 1, 2, 1, 1, 13, 1, 1, 2, 1, 2]
	J2-6_2: [1, 9, 1, 1, 7, 1, 9, 11, 7, 1, 8, 7, 1, 8, 10, 9, 9, 7, 7, 11, 8, 9, 8, 7, 1, 1, 8, 11, 7, 1, 8, 10, 11, 8, 12, 1, 6]
	J2-6_3: [1, 1, 1, 3, 42, 1, 1, 1, 26, 1, 1, 1, 1, 5, 1, 1, 1, 41, 1]
	J2-6_4: [1, 1, 1, 1, 1, 1, 1, 2, 2, 1, 1, 1, 1, 2, 1, 1]
	J2-6_5: [1, 1, 1, 2]
	J2-6_7: [1]
	J2-7_0: []
	J2-7_1: [1, 4, 1, 1, 2, 4, 1, 1, 6, 1, 1, 4, 1, 11, 2, 2, 10, 6, 1, 8, 4, 1, 5, 1, 1, 13, 1, 7, 8, 4, 1, 7, 1, 2, 1, 5, 2, 1, 5, 1, 1, 6, 1, 10, 10, 6, 6, 1]
	J2-7_2: [1]
	J2-7_3: [1]
	J2-7_4: [1, 1, 1, 1, 1, 1, 1, 1, 1, 1, 2, 1, 1, 1, 1, 2, 1, 1, 1, 1, 1, 1, 1, 1, 1, 1, 1, 1, 1, 1, 1, 1, 1, 1, 1, 1, 1, 2, 1, 1, 1, 1, 1, 1, 1, 1, 1, 1, 1]
	J2-7_5: [1, 1, 2, 1, 1, 1, 1, 1, 1, 1, 2, 1, 2, 2, 1, 1, 1, 1, 1, 1, 1]
	J2-7_6: []
Average trace length: 17