Initial state times:
	0: [2, 1, 6, 17, 2, 8, 16, 16]
	1: [20, 19, 21, 9]
	2: [22, 22, 3, 17, 21, 19, 20, 17, 2, 22, 17]
Times of states:
	J2-0_1: [1, 1]
	J2-0_2: [1, 23, 2, 1, 20, 1, 22, 1, 8, 11, 5, 7, 1, 22, 1, 20, 1, 21]
	J2-1_0: []
	J2-1_2: [20, 1, 1, 21, 2, 1, 2, 20, 1, 21, 1, 21, 1, 1, 1, 3, 4, 22, 1, 1, 21, 1, 21, 1, 1, 20, 1, 22, 1]
	J2-2_0: [20, 21, 1, 1, 45, 1, 11, 1, 12, 28, 1, 1, 1]
	J2-2_1: [1, 21, 68, 1, 102, 20, 21, 1, 21, 1, 21, 21, 52, 1, 20, 86, 21, 1, 20, 83, 1, 21, 20, 1, 22, 21]
Average trace length: 4