Initial state times:
	0: [1, 3, 3, 44, 1, 46, 3, 1, 2, 2, 1, 3, 1, 1, 24, 3, 1, 3, 4, 1, 1, 4, 1, 3, 44, 1, 2, 2, 4, 3, 3, 3]
	1: [2, 3]
	2: [9, 1, 1]
	3: [2, 2, 1, 2, 2, 2, 7, 1, 1, 1, 42, 7, 2]
Times of states:
	J2-0_1: [1, 53, 1, 1, 27]
	J2-0_2: [1, 2, 2, 1, 2, 1, 1, 9, 1, 1, 1, 1, 1, 2, 1, 2, 1, 1, 10, 2, 1, 2, 1, 11, 2, 3, 1, 2, 1, 10, 2, 1, 2, 9, 9, 2, 1, 1, 2, 10, 10, 2, 1, 1, 1, 8, 10, 2, 1]
	J2-0_3: [1, 1, 1, 1, 1, 1, 1, 2, 1, 1, 1, 1, 1, 1, 1, 1, 39, 49, 39, 1, 2, 1]
	J2-1_0: []
	J2-1_2: [1, 3, 1, 1, 14, 11, 1, 12, 13, 1, 14, 1, 14, 8, 1, 2, 1, 13, 2, 1, 1, 1, 2, 14, 11, 13, 1, 2, 14, 9, 12, 8, 14, 1, 1, 3, 2, 11, 13, 15, 7, 15, 9, 15, 16, 14, 1, 1, 16, 12, 2, 13, 11, 3, 1, 15, 1, 3, 1, 10, 1, 2, 1]
	J2-1_3: []
	J2-2_0: [1, 2, 1, 20, 1, 1, 1, 2, 2, 7, 1, 1, 3, 1, 1, 1, 3, 6, 2, 1, 1, 1]
	J2-2_1: [52, 52, 1, 50, 1, 29, 1, 13, 12, 1, 31, 13, 27, 12, 51, 31, 13, 50, 51, 54, 1, 13, 50, 1, 51, 26, 1, 12, 11, 1, 31, 50, 27, 2, 13, 30, 13, 11, 1, 53, 50, 49, 13, 14, 32, 29, 14, 28, 13, 30, 14, 12, 31, 12, 2, 28, 11, 1, 12, 13, 1, 26, 12, 1, 2, 30, 52, 53]
	J2-2_3: []
	J2-3_0: [3, 1, 3, 4, 5, 2, 40, 4, 1, 2, 4, 1, 1, 2, 3, 1, 29, 3, 42, 3, 1, 1, 2, 1, 1, 1, 1, 1, 5, 1, 5]
	J2-3_1: []
	J2-3_2: []
Average trace length: 6