Initial state times:
	0: [19, 18, 16, 19, 15, 20, 19, 1, 19]
	1: [6, 16, 7, 21, 16, 29, 16, 19, 1, 16]
	2: [19, 1]
	3: [9, 1]
Times of states:
	J2-0_1: [21]
	J2-0_2: [20, 1, 20, 1, 1, 1, 1, 7, 1, 2, 1, 1, 1, 21, 1, 2, 21, 1, 1, 1, 21, 1, 20, 1, 20, 1, 21, 1, 21, 1]
	J2-0_3: [20, 63, 1, 2, 44, 1, 1, 82, 88, 1, 91, 1, 21, 1, 80, 85, 1, 65, 19, 2, 77, 1, 20, 1, 1, 1, 22]
	J2-1_0: [1, 1, 2, 45, 19, 1, 2, 2, 1, 1]
	J2-1_2: [1, 2, 8, 8, 8, 2, 1, 2, 2, 1]
	J2-1_3: []
	J2-2_0: [21, 22, 22, 1, 5, 1, 21, 1, 1, 1, 1, 20, 1, 21, 1, 2, 20, 1, 2, 21, 23, 21, 22, 1, 1, 21, 1]
	J2-2_1: [1, 24, 19, 1, 11, 11, 2, 23, 1]
	J2-2_3: [1, 1, 1, 1, 1]
	J2-3_0: [21, 1, 20, 2, 1, 2, 2, 21, 21, 3, 20, 20, 1, 20, 21, 21, 20, 1, 2, 20, 21, 21, 1, 22, 20, 21, 20, 1]
	J2-3_1: []
	J2-3_2: []
Average trace length: 7