Initial state times:
	0: [1, 1, 44, 44, 3, 3, 44, 4, 3, 8, 3, 1, 2, 4, 3, 3, 24, 2, 4, 25, 1, 1, 2, 3, 1]
	1: [1]
	2: [9, 1, 1, 10, 1]
	3: [2, 1, 1, 2, 2, 2, 7, 2, 3, 25, 1, 1, 7, 40, 2, 1, 1]
Times of states:
	J2-0_1: [1, 1, 28, 1, 1, 27, 1, 1]
	J2-0_2: [3, 1, 2, 1, 3, 10, 1, 1, 1, 1, 2, 10, 2, 2, 1, 1, 1, 9, 9, 2, 1, 2, 2, 1, 11, 1, 1, 2, 1, 8, 2, 10, 1, 3, 1, 1, 3, 1, 1, 8, 1, 1, 1, 1, 1, 2, 2, 2, 1, 1, 2, 1, 2, 1, 12, 1, 10, 1, 9, 2, 1]
	J2-0_3: [1, 1, 1, 1, 43, 1, 1, 2, 1, 1, 1, 1, 1]
	J2-1_0: [1, 1]
	J2-1_2: [2, 10, 10, 1, 1, 1, 12, 15, 10, 1, 14, 14, 1, 16, 11, 13, 14, 8, 16, 12, 14, 1, 1, 2, 1, 1, 13, 9, 13, 15, 2, 1, 13, 1, 1, 1, 14, 11, 1, 12, 8, 13, 1, 1, 10, 13, 15, 9, 2, 14, 9, 15, 1, 1, 15, 1, 3, 2, 1, 1, 1, 13, 9, 2, 13, 11, 12, 1, 2, 13, 10, 12, 1, 14, 1, 1, 12, 15, 7]
	J2-1_3: []
	J2-2_0: [2, 1, 20, 1, 4, 1, 1, 3, 1, 2, 1, 1, 1, 2, 7, 1, 1, 1, 2, 5, 1, 1, 1, 2, 11, 5, 8, 2, 1, 1, 1, 2, 1]
	J2-2_1: [30, 2, 13, 50, 52, 32, 1, 12, 26, 12, 27, 12, 12, 2, 28, 12, 13, 31, 13, 28, 11, 12, 1, 28, 52, 49, 53, 1, 12, 14, 32, 13, 29, 52, 11, 1, 31, 1, 29, 1, 13, 50, 30, 13, 13, 1, 28, 4, 13, 13, 28, 13, 27, 2, 13, 12, 31, 54, 1, 51, 13, 1, 26, 52, 49, 2, 27, 1, 12, 1, 12, 29, 13, 30, 1, 12, 12, 2, 11, 1, 12, 1, 31, 29, 14]
	J2-2_3: []
	J2-3_0: [4, 5, 26, 1, 4, 3, 1, 2, 4, 1, 3, 1, 5, 6, 1, 29, 42, 3, 1, 5, 1, 4, 39, 1, 3, 1, 1, 2, 4]
	J2-3_1: []
	J2-3_2: [2]
Average trace length: 7