Initial state times:
	0: [18, 1, 1, 15, 3, 1]
	1: [1]
	2: [1]
	3: [15, 16, 19, 20, 16, 19, 20]
	4: [15]
	5: [1]
	6: [1, 1, 3]
	7: [2]
	8: [19, 1, 21]
Times of states:
	J2-0_1: []
	J2-0_2: []
	J2-0_3: [1, 1, 2, 19]
	J2-0_4: [19, 1, 1, 3, 2, 3, 2]
	J2-0_5: []
	J2-0_6: [2, 1, 2]
	J2-0_7: [1, 1, 1, 1]
	J2-0_8: [1]
	J2-1_0: []
	J2-1_2: []
	J2-1_3: []
	J2-1_4: []
	J2-1_5: []
	J2-1_6: []
	J2-1_7: []
	J2-1_8: [19, 1, 21, 3, 1, 1, 1, 1, 3, 21, 4, 1, 2, 2, 5, 1, 19, 1, 3, 1, 19, 1, 20, 19, 20, 1, 1, 20, 1, 1, 20, 1, 1, 1, 1, 20, 20, 19, 19, 1, 1]
	J2-2_0: []
	J2-2_1: [2, 1]
	J2-2_3: [18, 1, 1, 18, 21, 1, 1, 19, 19, 19]
	J2-2_4: [1]
	J2-2_5: []
	J2-2_6: []
	J2-2_7: [1, 1]
	J2-2_8: [1, 1]
	J2-3_0: [1, 1]
	J2-3_1: [1, 1, 21, 1, 1, 1, 2, 1, 21]
	J2-3_2: [1, 2, 16, 1, 18, 1, 17, 1, 1, 1]
	J2-3_4: []
	J2-3_5: [1, 1, 1, 1, 1, 1, 1, 1, 1, 1, 1]
	J2-3_6: []
	J2-3_7: [1]
	J2-3_8: [1, 1, 21, 19, 21, 1, 2, 1, 23, 22, 1, 1, 1, 21, 1, 20, 22, 1, 1]
	J2-4_0: [18, 18, 1, 1, 2]
	J2-4_1: []
	J2-4_2: []
	J2-4_3: [1]
	J2-4_5: []
	J2-4_6: []
	J2-4_7: [1, 1, 1]
	J2-4_8: []
	J2-5_0: []
	J2-5_1: [1]
	J2-5_2: [1, 1]
	J2-5_3: [1, 21, 1, 1, 1]
	J2-5_4: []
	J2-5_6: []
	J2-5_7: []
	J2-5_8: [1, 2, 1, 2]
	J2-6_0: [1, 1, 1]
	J2-6_1: []
	J2-6_2: []
	J2-6_3: [1]
	J2-6_4: []
	J2-6_5: []
	J2-6_7: [2, 1, 2]
	J2-6_8: []
	J2-7_0: [1, 1, 1]
	J2-7_1: []
	J2-7_2: [1, 1, 1]
	J2-7_3: [1, 2, 2]
	J2-7_4: []
	J2-7_5: [1]
	J2-7_6: [1, 1]
	J2-7_8: [1, 2]
	J2-8_0: []
	J2-8_1: [65, 79, 7, 4, 3, 56, 1, 3, 1, 1, 1, 60, 1, 1, 20, 61, 20, 20, 59, 20, 56, 18, 64, 1, 22, 43, 21, 1, 1, 1, 20, 67]
	J2-8_2: [1]
	J2-8_3: [1, 21, 20, 1, 1, 1, 1, 1, 20, 1, 1, 1, 1, 22, 1, 1, 20, 1, 20, 1, 21, 1]
	J2-8_4: []
	J2-8_5: []
	J2-8_6: []
	J2-8_7: []
Average trace length: 10