Initial state times:
	0: [1, 4, 1, 2, 5, 3, 4, 2, 5, 1, 2, 4, 3, 3, 1, 3, 3, 1, 3, 3, 1, 3, 6, 4, 1, 2, 4, 2, 2, 2, 4, 4, 4, 2, 5, 1, 2, 4]
	1: [2, 2, 2, 1, 1, 1, 2, 3, 2, 3, 5, 1, 2]
	2: [1, 1, 1, 1, 1, 2, 1, 1, 4, 1, 1, 3, 1, 1, 1, 1, 1]
	3: [2, 42, 39, 1, 2]
Times of states:
	J2-0_1: [1]
	J2-0_2: [1, 2, 2, 1, 1, 2, 1, 2, 1, 1]
	J2-0_3: [39, 1, 38, 37, 1, 39, 38, 1, 48, 1, 1, 41, 1, 1, 1, 38, 1, 44, 2, 2, 40, 47, 46, 47, 2, 44, 41, 46, 1, 43, 50, 1, 1, 1, 46, 1, 46, 45, 44, 1, 1, 2, 1, 1, 46, 1, 1, 1, 1, 39, 1, 1, 42, 1, 40, 1, 1, 43, 1, 46, 42, 44, 1, 1, 48, 47, 2, 1, 48, 39, 1, 1, 48, 47, 47, 39, 1, 39, 49]
	J2-1_0: [3, 1]
	J2-1_2: [2, 4, 1, 1, 2, 1, 12, 8, 1, 3, 1, 1, 1, 1, 1]
	J2-1_3: []
	J2-2_0: [1, 2, 3, 3, 1, 1, 1, 1, 4, 3, 4, 4, 5, 3, 3, 4, 3, 3, 1, 2, 5, 6, 3, 4, 6, 3, 5, 1, 2, 4, 3, 5, 3]
	J2-2_1: [52, 51, 30, 13]
	J2-2_3: [1]
	J2-3_0: [3, 1, 1, 1, 1, 1, 1, 1, 1, 1, 2, 1, 1, 1, 1, 1, 1, 2, 1, 1, 1, 1, 1, 1, 1, 1, 2, 1, 1, 1, 1, 1, 1, 1, 1, 2, 1, 1, 1, 2, 1, 1, 1, 1, 1, 2, 1, 2, 1, 6, 1, 1]
	J2-3_1: []
	J2-3_2: [1]
Average trace length: 3