Initial state times:
	0: [1]
	1: [43, 1, 3, 1, 1, 1, 3, 1, 5, 1, 2, 13, 2, 2, 3, 2, 41, 5, 25, 1, 3, 1, 2, 1, 1, 1, 1, 2, 1, 3, 2, 41, 2]
	2: [3, 6, 3, 43, 47, 3, 4, 3, 13, 13, 5, 1, 13, 9]
Times of states:
	J2-0_1: [2]
	J2-0_2: [12, 12, 9, 3, 1, 13, 15, 11, 12, 13, 14, 4, 15, 2, 11, 14, 12, 1, 14, 3, 12, 1, 11, 13, 12, 13, 11, 1, 12, 12, 12, 1, 13, 1, 13, 12, 11, 11, 1, 11]
	J2-1_0: [1, 1]
	J2-1_2: [4, 44, 1, 1, 1, 12, 3, 1, 11, 4, 1, 11, 2, 4, 13, 21, 2, 1, 1, 10, 1, 4, 4, 4, 1, 15, 1, 1, 14, 5, 16, 4, 4, 2, 1, 4, 1, 14, 3, 2, 4, 2, 4, 3, 1, 1, 2, 3, 4]
	J2-2_0: [51, 29, 13, 13, 30, 53, 14, 1, 32, 52, 1, 12, 29, 14, 52, 13, 29, 31, 13, 13, 29, 50, 51, 30, 15, 27, 1, 12, 13, 29, 12, 53, 54, 13, 32, 1, 13, 50, 13, 14, 33, 13, 34, 14, 51, 52, 54, 1, 29, 13, 52, 13, 1, 30, 53, 13, 53, 1, 30, 12, 30, 13, 51, 31, 14, 13, 53, 1, 34, 13]
	J2-2_1: [1, 1, 1, 2, 28, 2, 1, 1, 1, 1, 1, 43, 3, 1, 44, 1, 1, 1]
Average trace length: 4