Initial state times:
	0: [1]
	1: [1, 25, 2, 2, 7, 1, 2, 7, 1, 1, 2, 1, 1, 2, 1, 2, 40]
	2: [1]
	3: [3, 4, 1, 3, 1, 2, 3, 4, 3, 4, 4, 3, 2, 1, 1, 1, 4, 1, 3, 4, 4, 43, 24, 2, 3, 4, 44]
	4: [1, 9]
	5: [1]
Times of states:
	J2-0_1: []
	J2-0_2: [5, 5, 4, 8, 8, 1, 4, 7, 2, 4, 8, 3, 8, 1, 5, 4, 8, 1, 7, 1, 3, 8, 5, 2, 5, 8, 1, 8, 8, 1, 4, 3, 9, 1, 5, 7, 1, 4, 8, 3, 8, 1, 2, 5, 4, 9, 1, 2, 8, 1, 10, 1, 2, 4, 7, 5, 8, 1, 8, 1, 7, 8, 1, 1, 7, 1, 2, 2, 8, 1, 4, 7, 1, 4, 8, 5, 1, 9, 1, 4, 8, 1, 2]
	J2-0_3: []
	J2-0_4: [13, 1, 14, 11, 10, 1, 12, 9]
	J2-0_5: [1, 2, 8, 1, 18, 3, 12, 2, 2, 3, 17, 21, 8, 1, 1, 24, 21, 3, 17, 3, 10, 11, 16]
	J2-1_0: []
	J2-1_2: []
	J2-1_3: [4, 6, 5, 2, 40, 4, 1, 5, 1, 3, 26, 1, 2, 4, 5, 3, 1, 6, 4, 1, 3, 4, 4, 39, 1, 3, 4]
	J2-1_4: [2]
	J2-1_5: []
	J2-2_0: [2, 3, 2, 1, 1, 2, 1, 1, 3, 3, 2, 2, 2, 1, 2, 1, 2, 1, 2, 3, 2, 1, 1, 3, 2, 2, 2, 2, 2, 1, 2, 2, 1, 2, 1, 1, 1, 2, 3, 2, 2, 2, 2, 2, 2, 1, 2, 1, 1, 2, 2, 3, 2, 2, 1, 2, 2, 2, 1, 2, 2, 1, 2, 1, 2, 1, 2, 2, 2, 1, 2, 2, 1, 2, 1, 2, 1, 2, 1, 2, 2, 2, 2, 1, 2, 1, 2, 1, 1, 2, 3, 1]
	J2-2_1: []
	J2-2_3: [1]
	J2-2_4: [10, 1, 1, 12, 13, 10, 9, 14, 2, 11, 8, 1, 1, 1, 11, 12, 1, 14, 11, 12, 14, 12, 12, 1, 9, 3, 11, 1, 10, 10, 9, 13, 9, 11, 9, 1, 11, 9, 13, 1, 12, 13, 1]
	J2-2_5: [11, 1, 10, 13, 11, 3, 17, 12, 2, 2, 2, 14, 3, 12, 4, 13, 5, 11, 12, 11, 5, 13, 3, 13, 13, 3, 17, 12, 14, 11, 13, 6, 5, 5, 13, 18, 1, 5, 17, 13, 14, 3, 1, 13, 18, 2, 14, 3, 1, 12, 1, 20, 12, 1, 3, 12, 5, 13, 3, 11, 6, 13, 4, 12, 2, 4, 13, 3, 10, 1, 13, 12, 13, 2, 6, 17, 11, 23, 5, 14, 3, 2, 11, 1, 14, 3, 1, 2, 13, 4, 2, 6, 17, 1, 14, 13, 1, 13, 13, 12, 19, 4, 12]
	J2-3_0: []
	J2-3_1: [1, 1, 2, 1, 2, 1, 1, 1, 1, 1, 1, 1]
	J2-3_2: [1, 2, 3, 1, 1, 1, 1, 1, 2, 2, 1, 1, 1, 2, 1, 2, 3, 1, 2, 2]
	J2-3_4: [1, 10, 10, 1, 1, 1, 8, 10, 1, 1, 8, 1, 1, 1, 1, 1, 10, 2, 2, 1, 2, 1, 1, 1, 10, 1, 9, 2, 10, 1, 9, 1, 9, 1, 1, 1, 1, 1, 1, 1, 2, 1, 10]
	J2-3_5: [1, 1]
	J2-4_0: [3, 2, 2, 2, 3, 3, 1, 1, 3, 2, 2]
	J2-4_1: []
	J2-4_2: [1, 2, 4, 1, 13, 1, 10, 11, 3, 1, 1, 13, 4, 1, 2, 1, 2, 1, 2, 4, 1, 2, 1, 2, 6, 11, 2, 1, 12, 11, 2, 1, 5, 1, 1, 1, 2, 1, 2, 10, 3, 2, 14, 2, 1, 1, 7]
	J2-4_3: [1, 1, 1, 1, 20, 1, 1, 1, 1, 1, 1, 2, 1, 38, 1, 1, 1, 2, 1, 2, 1, 2, 7, 1, 5, 1]
	J2-4_5: [1, 1]
	J2-5_0: [1, 2, 1, 1, 2, 2, 1, 2, 1, 2, 1, 1, 1, 1, 1, 2, 1, 1, 1, 1]
	J2-5_1: []
	J2-5_2: [6, 6, 12, 6, 1, 1, 4, 1, 1, 1, 7, 1, 1, 2, 5, 4, 8, 1, 1, 11, 5, 1, 8, 5, 9, 13, 3, 1, 11, 1, 5, 1, 8, 1, 1, 1, 11, 4, 1, 1, 1, 7, 1, 1, 1, 2, 6, 4, 1, 8, 10, 1, 1, 8, 4, 1, 1, 7, 1, 1, 6, 1, 1, 1, 6, 2, 3, 5, 4, 1, 1, 9, 1, 1, 7, 2, 5, 1, 1, 1, 1, 1, 7, 1, 7, 1, 2, 4, 3, 3, 11, 11, 13, 4, 1, 2, 10, 2, 6, 6]
	J2-5_3: [1]
	J2-5_4: [1, 2]
Average trace length: 14