Initial state times:
	0: [1, 1, 1, 1, 2, 25, 7, 1, 7, 2, 1, 2, 2, 1]
	1: [1]
	2: [3, 1, 3, 2, 1, 1, 2, 3, 5, 3, 2, 1, 3]
	3: [1]
	4: [1]
	5: [1, 3, 3, 1, 3, 2, 3, 2, 2, 44, 1, 3, 4, 43, 2, 3, 25, 5, 1, 1]
	6: [1]
Times of states:
	J2-0_1: []
	J2-0_2: [3, 1]
	J2-0_3: []
	J2-0_4: []
	J2-0_5: [3, 1, 28, 2, 1, 2, 2, 3, 3, 1, 3, 1, 1, 44, 4, 2, 42, 2, 3, 2, 1]
	J2-0_6: []
	J2-1_0: []
	J2-1_2: [1, 1]
	J2-1_3: [1, 1, 1, 1, 2, 1]
	J2-1_4: [8, 1, 2, 10, 1, 2, 4, 8, 1, 4, 8, 8, 1, 5, 2, 1, 2, 8, 4, 8, 9, 1, 3, 1, 8, 1, 3, 10, 1, 9, 2, 4, 4, 8, 8, 1, 1, 3, 8, 1, 8, 2, 4, 7, 1, 8, 1, 4, 8, 1, 3, 5, 4, 8, 2, 4, 8, 1, 2, 4, 8, 1, 8, 1, 4, 9, 2, 8, 1, 4, 5, 1, 3, 1, 5, 11, 12, 5, 1, 4, 2, 9, 2, 2, 5, 2, 4]
	J2-1_5: []
	J2-1_6: [1, 1, 20, 3, 1, 11, 2, 2, 1, 2, 8, 11, 1, 2, 11, 2, 18, 1, 2, 10, 2]
	J2-2_0: [1, 1]
	J2-2_1: [3, 3, 1, 2, 3, 2, 1]
	J2-2_3: [7, 7, 1, 11, 7, 1, 7, 8, 11, 7, 7, 1, 9, 11, 10, 12, 8, 12, 1, 9, 9, 1, 1, 1, 1, 11, 1, 1, 7, 11, 7, 8, 1, 8, 1, 8, 10]
	J2-2_4: [2, 2, 1, 1, 1, 2, 1, 1, 1, 2, 2, 3, 3, 1, 2, 1, 1, 1, 1, 1, 1, 2, 1, 1, 1, 1, 3, 1, 1]
	J2-2_5: [1, 1, 24, 3, 1, 1, 1, 1, 1, 1, 42, 2, 1, 1, 1, 1, 3, 2, 1, 1, 1]
	J2-2_6: [1, 1, 1]
	J2-3_0: []
	J2-3_1: [1, 1, 2, 2, 2, 2, 1, 2, 2, 2, 2, 3, 2, 2, 1]
	J2-3_2: [1, 1, 19, 1, 1, 1, 1, 1, 1, 1, 1, 1, 1, 1, 2, 1, 2, 1, 1, 1, 1, 1, 1]
	J2-3_4: [6, 11, 1, 1, 10, 1, 1, 11, 1, 1, 2, 4, 10, 1, 10, 2, 4, 1, 11, 1, 11, 2, 5, 1, 13, 1, 6]
	J2-3_5: []
	J2-3_6: [1, 1]
	J2-4_0: []
	J2-4_1: [1, 1, 2, 1, 2, 1, 2, 3, 2, 2, 3, 2, 2, 1, 2, 2, 1, 1, 2, 2, 2, 1, 2, 2, 1, 3, 1, 2, 1, 2, 1, 1, 2, 1, 2, 2, 1, 1, 2, 2, 2, 1, 1, 1, 2, 2, 2, 1, 1, 1, 2, 1, 2, 2, 2, 1, 1, 2, 2, 2, 2, 2, 2, 2, 1, 3, 2, 1, 1, 1, 2, 1, 2, 1, 1, 3, 1, 1, 1, 2, 2]
	J2-4_2: [1, 1, 1, 2, 1, 1, 1, 1, 2, 1, 1, 1, 1, 3, 2, 3]
	J2-4_3: [14, 12, 14, 1, 2, 1, 11, 13, 11, 12, 14, 1, 11, 9, 9, 2, 1, 11, 13, 7, 1, 11, 10, 14, 9, 11]
	J2-4_5: []
	J2-4_6: [5, 13, 3, 13, 13, 12, 13, 11, 12, 16, 3, 10, 1, 12, 18, 13, 1, 20, 13, 1, 12, 14, 3, 1, 13, 4, 2, 12, 11, 13, 11, 3, 14, 2, 11, 13, 11, 2, 2, 2, 14, 3, 1, 5, 17, 13, 1, 3, 14, 2, 11, 1, 21, 18, 2, 11, 13, 1, 13, 14, 3, 12, 13, 12, 11, 3, 1, 13, 13, 3, 14, 2, 1, 14, 3, 1, 12, 6, 13, 3, 13, 12, 12, 11, 5, 13, 4, 1, 21, 12, 10, 12, 13, 6, 4, 3, 14, 2, 11, 4, 13, 3, 1, 14, 3, 12, 12, 2, 4, 13, 3]
	J2-5_0: [1, 1, 1, 2, 1, 1, 1]
	J2-5_1: []
	J2-5_2: [2, 1, 3, 1, 1, 3, 2, 4, 1, 1, 1, 1, 3, 4, 1, 1, 4, 1, 3, 1, 1, 2, 1, 1, 4, 1, 2, 3, 6, 5, 8, 10, 6, 2, 2, 3, 3, 2, 1, 2, 3, 1, 1, 4, 2, 2, 1, 2]
	J2-5_3: [1, 9, 1]
	J2-5_4: [1, 2]
	J2-5_6: []
	J2-6_0: []
	J2-6_1: [1, 1, 1, 1, 1, 1, 2, 1, 1, 2, 2, 1, 2, 1, 1, 2, 1, 2, 2, 1, 1]
	J2-6_2: []
	J2-6_3: []
	J2-6_4: [1, 1, 4, 11, 10, 4, 13, 4, 1, 9, 5, 3, 4, 5, 1, 5, 11, 1, 1, 8, 12, 4, 1, 1, 1, 1, 1, 2, 4, 13, 7, 12, 6, 1, 1, 1, 13, 5, 1, 1, 1, 1, 1, 2, 10, 5, 1, 1, 1, 2, 9, 1, 1, 2, 5, 6, 4, 1, 11, 5, 1, 1, 9, 4, 4, 10, 5, 1, 1, 5, 7, 1, 1, 2, 1, 1, 1, 5, 5, 1, 1, 5, 12, 5, 8, 1, 1, 1, 6, 5, 13, 4, 12, 1, 5, 1, 1, 9, 1, 1, 1, 1, 1, 8, 4, 6, 1, 1, 1]
	J2-6_5: []
Average trace length: 16