Initial state times:
	0: [16, 1, 16, 1, 2, 19]
	1: [9, 1]
	2: [1]
	3: [5, 3, 6, 2]
	4: [1, 1, 1, 17, 19, 20, 18, 18, 19, 15, 15]
Times of states:
	J2-0_1: [21]
	J2-0_2: [2, 1, 1, 8, 8, 7, 1, 1]
	J2-0_3: [1, 12, 1, 1, 11, 1]
	J2-0_4: [21, 1, 21, 2, 22, 1, 21, 2, 20, 20, 1, 1, 22]
	J2-1_0: []
	J2-1_2: []
	J2-1_3: []
	J2-1_4: [20, 20, 21, 1, 21, 1, 21, 3, 21, 2, 21, 20, 1, 1, 20, 1, 20, 2, 1, 2, 2, 21, 20, 20, 20, 21, 19, 4, 20, 22, 21]
	J2-2_0: [1, 1, 1, 1, 1, 11, 12, 7, 1, 1]
	J2-2_1: [1, 1, 1, 3]
	J2-2_3: [1]
	J2-2_4: [20, 1, 1, 2, 1, 1, 2, 1, 1, 1, 5, 1, 21, 1, 1, 2, 1, 21, 20, 2, 1]
	J2-3_0: [1, 4, 4, 23, 4, 4, 23, 6]
	J2-3_1: []
	J2-3_2: [1]
	J2-3_4: [1, 19]
	J2-4_0: [20, 1, 6, 20, 1]
	J2-4_1: [2, 1, 83, 20, 1, 88, 1, 85, 19, 1, 1, 65, 19, 1, 22, 1, 91, 2, 44, 1, 1, 82, 2, 77, 1, 66, 80, 78, 1, 1, 1]
	J2-4_2: [1, 1, 19, 1, 19, 1, 1, 20, 1, 1, 1, 1, 20, 1, 1, 1, 6, 1, 1, 20, 1, 1, 2, 21, 1, 1, 20, 1]
	J2-4_3: []
Average trace length: 8