Initial state times:
	0: [1]
	1: [1, 2, 2, 1, 1, 1, 3, 3, 1]
	2: [1]
	3: [1, 1, 2, 1, 3, 3]
	4: [2, 1, 43, 1, 22, 3, 41, 1, 4, 1, 1, 1, 1, 42, 2, 1, 1, 1, 1, 3, 1]
	5: [1]
	6: [1]
	7: [1]
	8: [1, 1, 3, 1]
	9: [1]
	10: [1, 1, 1, 1, 2, 1, 2]
Times of states:
	J2-0_1: []
	J2-0_2: []
	J2-0_3: [1]
	J2-0_4: []
	J2-0_5: [1, 1, 1, 1, 1, 2, 1, 1, 1, 1, 1, 1, 1, 1, 1, 1, 1, 1, 1, 1, 1, 1, 1, 1, 1, 1, 1, 1, 1, 1, 1, 1, 1, 1, 1, 1, 1, 1, 1, 1, 1, 1, 1, 1, 1, 1, 1, 1, 1, 1, 1, 1, 1, 1, 1, 2, 1, 1, 1, 1, 1, 1, 1, 1, 1, 1, 1, 1, 1, 1, 1, 1, 1, 1, 1, 1, 1, 1, 1, 1, 1, 1, 1, 1, 1, 1, 1, 1, 1, 1, 2, 2, 1, 1, 1, 1, 1, 2, 1, 1, 1, 1, 1, 1, 1, 1, 1, 1, 1, 1, 1, 1, 1, 1, 1, 1, 2]
	J2-0_6: [6, 1, 10, 1, 7, 4, 4, 2, 3, 7, 12, 7, 1, 1, 2, 1, 2, 4, 1, 1, 10, 7, 11, 1, 9, 1, 4, 5, 1, 5, 1, 11, 4, 1, 4, 2, 1, 1]
	J2-0_7: [2, 1]
	J2-0_8: []
	J2-0_9: [1, 1, 1, 1, 1, 1, 1, 1, 1, 1, 1, 1, 1, 1, 1, 2, 1, 1, 1, 1, 1, 1, 1, 1, 1, 1, 1, 1, 1, 1, 1, 1, 1, 1, 1, 1, 1, 1, 1, 1, 1, 1, 1, 1, 1, 1]
	J2-0_10: []
	J2-1_0: []
	J2-1_2: []
	J2-1_3: [1]
	J2-1_4: [2, 2, 1, 1, 4, 1, 2, 1, 1, 1, 2, 2]
	J2-1_5: []
	J2-1_6: []
	J2-1_7: []
	J2-1_8: []
	J2-1_9: []
	J2-1_10: [1, 2, 1, 1, 1, 1, 2]
	J2-2_0: [1, 1]
	J2-2_1: []
	J2-2_3: [1, 19, 1, 1]
	J2-2_4: []
	J2-2_5: []
	J2-2_6: [1, 1, 1, 9, 12, 9, 11, 2, 1, 5, 2, 9, 2, 10, 1, 11, 1, 1, 10, 10, 2, 4, 12, 6, 6, 10]
	J2-2_7: [1, 1, 1, 2, 1, 2, 2]
	J2-2_8: [2, 1, 2, 2, 1, 2, 2, 1, 2, 2, 3, 2, 1, 3, 2, 1, 2, 1, 2, 1, 2, 2, 1, 2, 2, 2, 2, 1, 2, 1, 2, 3, 2, 2, 2, 1, 2, 1]
	J2-2_9: [1]
	J2-2_10: []
	J2-3_0: []
	J2-3_1: [1, 1]
	J2-3_2: [1, 1, 8, 1, 1, 1, 1]
	J2-3_4: [1, 1, 1, 1, 1, 4, 1, 1, 1]
	J2-3_5: [1]
	J2-3_6: [2, 1, 6, 1, 1, 1, 4, 1, 1, 1]
	J2-3_7: [1, 2, 1, 1, 1]
	J2-3_8: [1, 1, 1, 1, 1, 1, 1, 1, 1]
	J2-3_9: [1, 1, 1, 1, 2, 2, 1, 1, 1, 1, 1, 1]
	J2-3_10: [1, 1]
	J2-4_0: []
	J2-4_1: [1, 1, 2, 11, 24, 1, 1]
	J2-4_2: [9, 6, 8]
	J2-4_3: [2, 2, 2, 2, 1, 2, 3, 3, 25, 6, 2, 1, 2, 1, 1, 1, 1, 2]
	J2-4_5: []
	J2-4_6: [1]
	J2-4_7: []
	J2-4_8: [3, 1, 4, 1, 1, 1, 2, 3, 1, 1, 4, 1, 4, 1, 3, 1]
	J2-4_9: [1]
	J2-4_10: [1, 1, 1, 1, 2, 2, 1, 1, 1, 1, 1, 1, 37, 1, 1, 1, 1, 1]
	J2-5_0: [8, 2, 11, 1, 10, 8, 1, 8, 1, 2, 15, 8, 1, 3, 8, 8, 8, 1, 8, 8, 9, 1, 8, 5, 1, 8, 2, 8, 5, 8, 1, 8, 8, 1, 11, 2, 9, 1, 5, 1, 1, 9, 11, 5, 15, 8, 11, 1, 8, 1, 8, 5, 8, 2, 8, 2, 8, 2, 8, 8, 3, 8, 2, 8, 1, 8, 2, 8, 2, 8, 2, 8, 1, 8, 1, 8, 1, 5, 8, 7, 10, 5, 8, 2, 8, 2, 9, 7, 1, 8, 2, 8, 1, 2, 10, 7, 2, 8, 2, 11, 8, 2, 8, 1, 8, 2, 8, 1, 8, 8, 5, 1]
	J2-5_1: []
	J2-5_2: []
	J2-5_3: [1, 1]
	J2-5_4: []
	J2-5_6: [1, 1, 1, 3, 1, 6, 1, 2, 1, 1, 1, 1, 1, 1, 2, 7]
	J2-5_7: [1, 1, 1, 1, 2, 1]
	J2-5_8: []
	J2-5_9: []
	J2-5_10: []
	J2-6_0: [1, 4, 1, 1, 1, 13, 3, 1, 1, 6, 2, 1, 16, 9, 16, 1, 3, 1, 4, 2, 5, 4, 1, 2, 1, 2, 12, 1, 1, 1, 1, 5, 1, 23, 3, 5, 1, 4, 5, 1, 6]
	J2-6_1: []
	J2-6_2: [8, 2, 9, 11, 9, 1, 1, 10, 10, 10, 3, 13, 7, 2, 10, 8, 10, 11, 8, 12, 1, 10, 2, 10, 2, 1, 1, 12, 10, 8]
	J2-6_3: [1, 1]
	J2-6_4: []
	J2-6_5: [1, 2, 1, 1, 2, 1, 1, 2, 1, 1, 1, 1, 1]
	J2-6_7: [1, 1, 1, 1, 2, 1, 2, 3, 1, 2, 1, 2, 1, 1, 2, 1, 1, 1, 2, 1, 1, 1, 1, 1, 2, 1, 1, 2, 1, 1, 2, 1, 2, 1, 1, 2, 2, 1, 1, 1, 2, 2, 1, 1, 1, 2, 2, 1, 1, 1, 1, 2, 2, 1, 2, 2, 1, 2, 1, 1, 1, 1, 1, 1, 2]
	J2-6_8: [1, 2, 3, 2, 1, 2, 1, 1, 1, 2]
	J2-6_9: [1, 1, 1, 1, 1, 1, 1, 1, 1, 1, 1, 1, 1, 1, 1, 1, 1, 1, 1, 1, 1, 1, 1, 1, 1, 1, 1, 1, 1, 1, 1, 1, 1, 1, 1, 1, 1, 1, 1, 1, 1, 1, 1, 1, 1, 1, 1, 1, 1, 1, 1, 1, 1, 1, 1, 1, 1]
	J2-6_10: []
	J2-7_0: []
	J2-7_1: []
	J2-7_2: [1, 1, 9, 1]
	J2-7_3: [1]
	J2-7_4: []
	J2-7_5: [1, 2, 1, 1, 1, 1]
	J2-7_6: [2, 1, 3, 10, 3, 9, 1, 2, 8, 11, 8, 2, 3, 8, 1, 10, 1, 1, 3, 1, 12, 3, 2, 3, 9, 1, 3, 8, 1, 4, 1, 2, 9, 1, 3, 1, 3, 2, 8, 1, 2, 3, 8, 1, 3, 9, 1, 1, 2, 8, 9, 2, 9, 1, 8, 1, 2, 3, 5, 2, 3, 9, 1, 3, 8, 1, 2, 2, 8, 1, 1, 2, 3, 9, 1, 4]
	J2-7_8: [2, 2, 3]
	J2-7_9: [1, 1]
	J2-7_10: []
	J2-8_0: [1]
	J2-8_1: []
	J2-8_2: [8, 6, 6, 5, 1, 11, 7, 5, 9, 1, 6, 1, 5, 2, 7, 7, 1, 1, 6, 11, 7, 6, 1, 9, 5, 6, 1, 9, 1, 7, 2, 10, 1, 6, 8, 9, 5, 12, 6, 1]
	J2-8_3: [2, 40, 1, 1, 1, 1, 1, 1, 1, 2, 1, 1]
	J2-8_4: [3, 1, 7, 1, 2, 26, 24, 3, 1, 1]
	J2-8_5: []
	J2-8_6: [2, 1, 2, 1, 1, 10, 1, 1, 1, 3]
	J2-8_7: [2, 1]
	J2-8_9: [1, 1, 1, 1, 1]
	J2-8_10: []
	J2-9_0: [1, 3, 2, 2, 2, 2, 2, 1, 2, 13, 4, 2, 4, 1, 2, 1, 11, 11, 2, 1, 3, 1, 2, 3, 1, 2, 1, 2, 1, 1, 6, 2, 2, 2, 1, 4, 3, 1, 13, 11, 5, 2, 1, 3, 13, 3, 1, 3, 2, 1, 2, 2]
	J2-9_1: []
	J2-9_2: []
	J2-9_3: [2, 2]
	J2-9_4: []
	J2-9_5: [1, 1]
	J2-9_6: [1, 12, 8, 1, 1, 1, 5, 1, 2, 3, 1, 6, 1, 1, 2, 1, 3, 1, 1, 9, 5, 4, 2, 9, 6, 1, 5, 1, 10, 9, 3, 7, 1, 3, 9, 1, 3, 1, 1, 9, 6, 1, 2, 9, 1, 5, 2, 6, 1, 9, 1, 5, 1, 5]
	J2-9_7: [1, 2, 2, 2, 2, 1, 1]
	J2-9_8: [1, 1, 2, 1, 1]
	J2-9_10: []
	J2-10_0: []
	J2-10_1: [1, 3]
	J2-10_2: []
	J2-10_3: [3, 1, 4, 1, 1, 1, 1, 3, 3, 1, 1, 1]
	J2-10_4: [27, 3, 1, 1, 1, 1, 2, 1, 1, 1, 1, 40, 1, 41, 1]
	J2-10_5: []
	J2-10_6: []
	J2-10_7: []
	J2-10_8: [1, 1, 3]
	J2-10_9: [1]
Average trace length: 24