Initial state times:
	0: [4, 1, 46, 1, 3, 2, 4, 3, 3, 1, 24, 3, 3, 3, 1, 1, 2, 3, 25, 4, 4, 2, 1, 2, 3, 2, 1, 44, 1, 4, 3, 1]
	1: [1]
	2: [10, 1, 1, 1]
	3: [2, 1, 2, 2, 2, 2, 2, 2, 1, 7, 7, 3]
Times of states:
	J2-0_1: [1, 1, 28, 1, 1]
	J2-0_2: [1, 10, 9, 1, 1, 1, 1, 1, 1, 1, 1, 3, 1, 2, 2, 2, 3, 1, 12, 2, 1, 9, 2, 9, 2, 1, 10, 2, 2, 2, 2, 1, 1, 2, 1, 2, 1, 1, 1, 1, 1, 1, 3, 1, 1, 2, 10, 2, 2, 1, 2, 1, 1, 1, 1, 8, 1, 2, 1, 2, 1, 1, 11, 10, 1, 8]
	J2-0_3: [2, 1, 1, 1, 1, 1, 1, 1, 2, 1, 1, 43]
	J2-1_0: [1]
	J2-1_2: [13, 11, 1, 15, 1, 14, 8, 1, 1, 12, 10, 3, 2, 1, 2, 14, 9, 15, 1, 1, 12, 1, 2, 13, 10, 1, 10, 13, 3, 13, 1, 2, 14, 11, 1, 12, 1, 1, 13, 9, 1, 1, 1, 13, 1, 2, 10, 10, 2, 14, 1, 13, 9, 2, 12, 1, 10, 1, 1, 14, 11, 16, 11, 15, 1, 3, 1, 16, 12, 2, 1, 13, 1, 16, 13, 1]
	J2-1_3: []
	J2-2_0: [1, 1, 20, 1, 1, 1, 2, 7, 1, 1, 3, 1, 1, 1, 2, 11, 5, 8, 2, 1, 1, 1, 2, 2, 1, 5, 1, 1, 1, 1, 1, 1, 2, 1]
	J2-2_1: [13, 32, 13, 51, 12, 31, 52, 50, 31, 13, 29, 2, 1, 12, 51, 50, 52, 52, 50, 27, 2, 13, 12, 50, 1, 13, 30, 30, 1, 12, 28, 4, 13, 14, 32, 50, 13, 26, 1, 12, 53, 29, 13, 52, 1, 1, 12, 49, 27, 2, 12, 30, 2, 13, 51, 14, 53, 27, 1, 12, 29, 2, 12, 1, 1, 29, 1, 13, 28, 12, 13, 1, 26, 2, 28, 11, 49, 53, 11, 1, 31, 12, 31, 13, 1]
	J2-2_3: []
	J2-3_0: [3, 3, 1, 26, 3, 5, 6, 1, 2, 1, 2, 4, 1, 3, 26, 1, 5, 1, 4, 3, 1, 5]
	J2-3_1: []
	J2-3_2: [2]
Average trace length: 7