Initial state times:
	0: [19, 20, 21, 19, 1, 19, 18, 15, 1, 15, 19]
	1: [29, 21, 16, 1, 16, 16, 7, 6, 19]
	2: [1, 19]
	3: [1]
Times of states:
	J2-0_1: [21]
	J2-0_2: [21, 1, 21, 1, 1, 1, 1, 20, 1, 1, 1, 1, 1, 2, 20, 1, 20, 1, 21, 1, 1, 1, 2, 20, 1, 21]
	J2-0_3: [2, 77, 1, 1, 1, 1, 65, 1, 1, 1, 21, 1, 83, 66, 19, 1, 20, 1, 91, 80, 20, 20, 63, 85, 1, 88, 1]
	J2-1_0: [2, 1, 1, 23, 22, 2, 2, 19, 1, 1, 1]
	J2-1_2: [2, 2]
	J2-1_3: []
	J2-2_0: [20, 1, 20, 1, 2, 1, 1, 1, 1, 1, 20, 1, 2, 1, 21, 22, 22, 21, 1, 21, 22]
	J2-2_1: [1, 1, 1]
	J2-2_3: [1, 1, 1, 1, 1]
	J2-3_0: [20, 20, 21, 20, 20, 1, 20, 21, 21, 1, 20, 20, 2, 21, 1, 20, 21, 21, 1, 1, 21, 21, 21, 3, 21, 22]
	J2-3_1: []
	J2-3_2: []
Average trace length: 6