Initial state times:
	0: [1]
	1: [1, 2, 3, 1, 2, 1, 1, 1, 2, 2, 1, 1, 2, 1]
	2: [1]
	3: [1, 1, 3, 1, 2, 3, 1, 1]
	4: [1, 1, 25, 3, 1, 1, 1, 1, 1, 42, 1, 1, 2, 1, 1, 4]
	5: [1]
	6: [1]
	7: [1]
	8: [3, 1, 1]
	9: [1]
	10: [2, 1, 1, 1, 1]
Times of states:
	J2-0_1: []
	J2-0_2: []
	J2-0_3: []
	J2-0_4: [1]
	J2-0_5: [1, 1, 1, 1, 1, 1, 1, 1, 1, 1, 1, 2, 1, 1, 1, 2, 1, 1, 1, 1, 1, 1, 1, 1, 1, 1, 1, 1, 1, 1, 1, 1, 1, 1, 1, 1, 1, 1, 1, 1, 1, 1, 1, 1, 1, 1, 1, 1, 1, 1, 2, 2, 1, 1, 1, 1, 1, 1, 1, 1, 1, 1, 1, 1, 1, 1, 1, 1, 1, 1, 1, 1, 1, 1, 1, 1, 1, 1, 1, 1, 1, 1, 1, 1, 1, 1, 1, 1, 1, 1, 1, 1, 1, 1, 1, 1, 1, 1, 1, 1, 1, 1, 1, 1, 1]
	J2-0_6: [2, 3, 1, 5, 1, 1, 4, 1, 11, 4, 8, 4, 1, 7, 1, 10, 1, 11, 1, 2, 10, 1, 1, 4, 4, 7, 1, 4, 5, 1, 1, 4, 1, 4, 1, 4, 8, 12, 1]
	J2-0_7: [1, 2, 2]
	J2-0_8: []
	J2-0_9: [1, 1, 1, 1, 1, 2, 1, 1, 1, 1, 1, 1, 1, 1, 1, 1, 1, 1, 1, 1, 1, 1, 1, 1, 1, 2, 1, 1, 1, 1, 1, 1, 1, 1, 1, 1, 1, 1, 1, 1, 1, 2, 1, 1, 1, 1]
	J2-0_10: []
	J2-1_0: []
	J2-1_2: []
	J2-1_3: [1]
	J2-1_4: [40, 5, 2, 4, 1, 1, 4, 2, 2, 2, 2, 1, 1]
	J2-1_5: []
	J2-1_6: []
	J2-1_7: []
	J2-1_8: []
	J2-1_9: []
	J2-1_10: [1, 1, 1, 1, 1, 1, 2]
	J2-2_0: [1, 1, 1]
	J2-2_1: []
	J2-2_3: [19, 1, 1]
	J2-2_4: [2, 1]
	J2-2_5: []
	J2-2_6: [7, 12, 2, 4, 1, 2, 2, 6, 2, 10, 1, 1, 10, 9, 1, 11, 1, 9, 9, 5, 10, 11, 2, 1, 5]
	J2-2_7: [3, 2, 2, 1, 1, 1, 1, 2, 2]
	J2-2_8: [1, 2, 3, 2, 3, 2, 1, 1, 2, 2, 1, 2, 2, 1, 2, 1, 2, 1, 1, 2, 1, 1, 2, 2, 2, 1, 1, 1, 2, 1, 1, 2, 2, 1]
	J2-2_9: [1, 1, 1, 1]
	J2-2_10: []
	J2-3_0: [1]
	J2-3_1: [1, 1]
	J2-3_2: [8, 1, 1, 1, 1]
	J2-3_4: [1, 1, 4, 1, 1]
	J2-3_5: [1]
	J2-3_6: [1, 1, 1, 1, 4, 1, 1, 3, 6]
	J2-3_7: [2, 1, 1, 1, 1]
	J2-3_8: [1, 1, 1, 1, 1, 1]
	J2-3_9: [1, 1, 1, 1, 1, 2, 1, 1, 1, 1, 1]
	J2-3_10: [1, 1]
	J2-4_0: [1]
	J2-4_1: [1, 1, 1, 1]
	J2-4_2: [1, 6, 8, 9]
	J2-4_3: [3, 1, 3, 1, 1, 2, 1, 2, 1, 1, 1, 2]
	J2-4_5: []
	J2-4_6: []
	J2-4_7: []
	J2-4_8: [1, 4, 1, 1, 1, 1, 1, 1, 1, 1, 4, 1, 2, 3, 3, 4, 3, 1, 1]
	J2-4_9: [1]
	J2-4_10: [37, 1, 1, 1, 1, 1, 1, 1, 1, 1, 1, 1, 1, 1, 1, 1, 1]
	J2-5_0: [2, 8, 15, 9, 1, 8, 5, 1, 8, 2, 5, 8, 7, 10, 5, 7, 2, 9, 8, 1, 1, 2, 17, 8, 8, 2, 8, 1, 3, 8, 8, 7, 2, 8, 2, 5, 8, 8, 2, 8, 2, 8, 2, 8, 8, 2, 11, 8, 1, 7, 1, 8, 2, 8, 1, 10, 8, 8, 2, 8, 2, 5, 14, 7, 2, 10, 8, 1, 10, 8, 1, 5, 8, 2, 8, 2, 9, 11, 8, 8, 1, 8, 1, 5, 8, 6, 2, 15, 8, 1, 8, 5, 8, 2, 2, 8, 8, 2, 8, 1, 11, 8, 1, 8, 11, 1]
	J2-5_1: []
	J2-5_2: []
	J2-5_3: [1, 1]
	J2-5_4: []
	J2-5_6: [9, 1, 11, 1, 1, 1, 2, 5, 1, 1, 1, 3, 3, 1, 6]
	J2-5_7: [2, 1, 1]
	J2-5_8: [1]
	J2-5_9: [1]
	J2-5_10: []
	J2-6_0: [16, 1, 4, 3, 1, 1, 1, 23, 1, 1, 1, 1, 5, 5, 1, 5, 1, 2, 2, 12, 5, 1, 5, 1, 1, 1, 4, 2, 3, 16, 1, 4, 1, 1, 9, 1, 1, 6, 6, 1, 2, 1, 5]
	J2-6_1: []
	J2-6_2: [2, 1, 10, 8, 9, 10, 8, 9, 1, 11, 8, 13, 7, 2, 10, 8, 1, 11, 8, 10, 1, 8, 8, 8, 10, 1, 12, 12, 11, 1, 3]
	J2-6_3: [1, 1]
	J2-6_4: []
	J2-6_5: [2, 1, 1, 1, 1, 1, 1, 1, 1, 1, 1, 2, 2, 1, 1, 1]
	J2-6_7: [1, 2, 1, 2, 1, 1, 1, 1, 1, 1, 1, 2, 1, 1, 1, 2, 2, 2, 1, 1, 1, 2, 1, 2, 1, 1, 2, 1, 1, 1, 1, 1, 1, 2, 2, 1, 1, 1, 1, 2, 1, 1, 1, 2, 2, 1, 2, 1, 2, 1, 1, 1, 1, 3, 1, 1, 2, 1, 1, 1, 1, 1, 1, 1, 1, 1, 2]
	J2-6_8: [2, 1, 2, 1, 2, 1, 2, 2, 2]
	J2-6_9: [1, 1, 1, 1, 1, 1, 1, 1, 1, 1, 1, 1, 1, 1, 1, 1, 1, 1, 1, 1, 1, 1, 1, 1, 1, 1, 1, 1, 1, 1, 1, 1, 1, 1, 1, 1, 1, 1, 1, 1, 1, 1, 1, 1, 1, 1, 1, 1, 1, 1, 1, 1, 1, 1, 1, 1]
	J2-6_10: []
	J2-7_0: []
	J2-7_1: []
	J2-7_2: [1, 13, 1]
	J2-7_3: [1]
	J2-7_4: []
	J2-7_5: [1, 1, 2, 2, 1]
	J2-7_6: [10, 1, 3, 3, 8, 1, 9, 1, 1, 3, 3, 9, 1, 8, 2, 3, 1, 1, 2, 3, 9, 1, 11, 3, 5, 9, 1, 1, 2, 9, 1, 3, 1, 3, 2, 3, 8, 1, 2, 3, 8, 1, 2, 2, 9, 1, 3, 9, 1, 3, 2, 9, 2, 1, 3, 10, 8, 1, 2, 3, 3, 8, 1, 9, 1, 3, 1, 12, 8, 11, 1, 10, 10, 8, 1, 1, 8, 1, 9, 1, 8, 1]
	J2-7_8: [2, 3]
	J2-7_9: [1, 1]
	J2-7_10: []
	J2-8_0: [1]
	J2-8_1: []
	J2-8_2: [6, 10, 7, 6, 8, 7, 1, 6, 1, 5, 12, 1, 6, 1, 9, 2, 2, 10, 1, 6, 11, 6, 1, 9, 1, 5, 2, 5, 1, 11, 1, 5, 9, 6, 6, 1, 7]
	J2-8_3: [1, 3, 1, 1, 1, 1, 2, 1, 1, 1, 1]
	J2-8_4: [2, 26, 3, 1, 2, 1]
	J2-8_5: []
	J2-8_6: [1, 1, 1, 3, 2, 1, 2]
	J2-8_7: [1, 2, 3]
	J2-8_9: [1, 1, 1, 1, 1, 1]
	J2-8_10: [1]
	J2-9_0: [2, 1, 2, 1, 3, 2, 1, 13, 11, 2, 2, 1, 3, 13, 3, 1, 2, 1, 3, 2, 3, 1, 11, 5, 2, 4, 2, 2, 4, 2, 1, 3, 2, 2, 13, 3, 1, 11, 2, 5, 2, 2, 3]
	J2-9_1: []
	J2-9_2: [1, 10]
	J2-9_3: [1, 1]
	J2-9_4: []
	J2-9_5: [1, 2, 1, 2]
	J2-9_6: [1, 1, 6, 1, 1, 6, 3, 2, 9, 1, 1, 1, 5, 2, 2, 6, 10, 6, 1, 6, 1, 10, 9, 3, 7, 9, 1, 3, 1, 1, 5, 2, 1, 9, 1, 1, 9, 1, 3, 1, 2, 1, 3, 12, 1, 2, 6, 1, 3, 1, 1, 9, 1, 5, 1, 1, 4, 1, 2]
	J2-9_7: [1, 2, 1, 1, 2, 2, 2]
	J2-9_8: [1, 2, 1, 2, 1]
	J2-9_10: []
	J2-10_0: []
	J2-10_1: [3]
	J2-10_2: [1]
	J2-10_3: [1, 1, 1, 1, 1, 3, 1, 4, 1]
	J2-10_4: [1, 41, 1, 1, 1, 1, 2, 1, 40, 1, 2, 1, 1, 1, 27, 3, 3]
	J2-10_5: []
	J2-10_6: [1]
	J2-10_7: []
	J2-10_8: [1, 1]
	J2-10_9: []
Average trace length: 23